ab:41|2
abl:1|1, 8|1, 11|1, 27|1, 55|1
abstract:39|1, 41|1
academ:1|1, 2|1, 3|1, 4|1, 5|1, 6|2, 7|1, 8|1, 9|2, 10|2, 11|1, 12|2, 13|2, 14|2, 15|2, 16|2, 17|1, 18|1, 19|2, 20|1, 21|1, 22|2, 23|1, 24|1, 25|2, 26|1, 27|1, 28|1, 29|2, 30|1, 31|1, 32|1, 33|1, 34|1, 35|1, 36|1, 37|1, 38|1, 39|2, 40|1, 41|1, 42|1, 43|2, 44|1, 45|1, 46|1, 47|1, 48|1, 49|1, 50|1, 51|1, 52|1, 53|1, 54|1, 55|1, 56|1, 57|1, 58|1, 59|1, 60|2, 61|2, 62|2
académiqu:6|1, 9|1, 10|1, 12|1, 13|1, 14|1, 15|1, 16|1, 19|1, 22|1, 25|1, 29|1, 43|1, 60|1, 61|1, 62|1
accept:4|1, 18|1, 21|1, 28|1, 56|1
access:40|2
acclaim:6|1, 9|1, 10|1, 12|1, 13|1, 14|1, 15|1, 16|1, 19|1, 22|1, 25|1, 29|1, 43|1, 60|1, 61|1, 62|1
account:1|1, 2|1, 3|1, 4|1, 5|1, 6|1, 7|1, 8|1, 9|1, 10|1, 11|1, 12|1, 13|1, 14|1, 15|1, 16|1, 17|1, 18|1, 19|1, 20|1, 21|1, 22|1, 23|1, 24|1, 25|1, 26|1, 27|1, 28|1, 29|1, 30|1, 31|1, 32|1, 33|1, 34|1, 35|1, 36|1, 37|1, 38|1, 39|1, 40|1, 41|1, 42|1, 43|1, 44|1, 45|1, 46|1, 47|1, 48|1, 49|1, 50|1, 51|1, 52|1, 53|1, 54|1, 55|1, 56|1, 57|1, 58|1, 59|1, 60|1, 61|1, 62|1
accredit:6|2, 9|2, 10|2, 12|2, 13|2, 14|2, 15|2, 16|2, 19|2, 22|2, 25|2, 26|1, 29|2, 30|1, 31|1, 43|2, 51|1, 54|1, 60|2, 61|2, 62|2
accrédité:6|1, 9|1, 10|1, 12|1, 13|1, 14|1, 15|1, 16|1, 19|1, 22|1, 25|1, 29|1, 43|1, 60|1, 61|1, 62|1
accueil:6|2, 9|2, 10|2, 12|2, 13|2, 14|2, 15|2, 16|2, 19|2, 22|2, 25|2, 29|2, 43|2, 60|2, 61|2, 62|2
achiev:4|1, 18|1, 21|1, 28|1, 41|1, 56|1
acquisit:41|1
across:4|2, 18|2, 21|2, 28|2, 32|1, 33|1, 35|1, 47|1, 52|1, 56|2
activ:1|1, 4|2, 5|1, 8|1, 11|1, 17|1, 18|2, 20|1, 21|2, 23|1, 27|1, 28|2, 39|1, 55|1, 56|2, 59|1
actuat:4|1, 18|1, 21|1, 28|1, 56|1
adc:41|2
addit:41|2
address:6|1, 7|1, 9|1, 10|1, 12|1, 13|1, 14|1, 15|1, 16|1, 19|1, 22|1, 25|1, 29|1, 34|1, 43|1, 46|1, 53|1, 58|1, 60|1, 61|1, 62|1
administr:1|1, 2|1, 3|1, 4|1, 5|1, 6|1, 7|1, 8|1, 9|1, 10|1, 11|1, 12|1, 13|1, 14|1, 15|1, 16|1, 17|1, 18|1, 19|1, 20|1, 21|1, 22|1, 23|1, 24|1, 25|1, 26|1, 27|1, 28|1, 29|1, 30|1, 31|1, 32|1, 33|1, 34|1, 35|1, 36|1, 37|1, 38|1, 39|1, 40|1, 41|1, 42|1, 43|1, 44|1, 45|1, 46|1, 47|1, 48|1, 49|1, 50|1, 51|1, 52|1, 53|1, 54|1, 55|1, 56|1, 57|1, 58|1, 59|1, 60|1, 61|1, 62|1
admiss:1|3, 2|3, 3|3, 4|3, 5|3, 6|3, 7|3, 8|3, 9|3, 10|3, 11|3, 12|3, 13|3, 14|3, 15|3, 16|3, 17|3, 18|3, 19|3, 20|3, 21|3, 22|3, 23|3, 24|3, 25|3, 26|3, 27|3, 28|3, 29|3, 30|3, 31|3, 32|4, 33|4, 34|3, 35|4, 36|3, 37|3, 38|3, 39|3, 40|3, 41|3, 42|3, 43|3, 44|3, 45|3, 46|3, 47|4, 48|3, 49|3, 50|3, 51|3, 52|4, 53|3, 54|3, 55|3, 56|3, 57|3, 58|3, 59|3, 60|3, 61|3, 62|3
advanc:4|4, 18|4, 21|4, 28|4, 56|4
advantag:1|4, 8|4, 11|4, 27|4, 41|1, 55|4
aerospac:4|2, 18|2, 21|2, 28|2, 56|2
affair:4|1, 18|1, 21|1, 28|1, 56|1
afford:2|1, 3|1, 44|1, 48|1, 57|1
agrément:6|1, 9|1, 10|1, 12|1, 13|1, 14|1, 15|1, 16|1, 19|1, 22|1, 25|1, 29|1, 43|1, 60|1, 61|1, 62|1
ahead:32|1, 33|1, 35|1, 47|1, 52|1
aid:1|1, 2|1, 3|1, 4|1, 5|1, 6|1, 7|1, 8|1, 9|1, 10|1, 11|1, 12|1, 13|1, 14|1, 15|1, 16|1, 17|1, 18|1, 19|1, 20|1, 21|1, 22|1, 23|1, 24|1, 25|1, 26|1, 27|1, 28|1, 29|1, 30|1, 31|1, 32|1, 33|1, 34|1, 35|1, 36|1, 37|1, 38|1, 39|1, 40|1, 41|1, 42|1, 43|1, 44|1, 45|1, 46|1, 47|1, 48|1, 49|1, 50|1, 51|1, 52|1, 53|1, 54|1, 55|1, 56|1, 57|1, 58|1, 59|1, 60|1, 61|1, 62|1
aider:6|1, 9|1, 10|1, 12|1, 13|1, 14|1, 15|1, 16|1, 19|1, 22|1, 25|1, 29|1, 43|1, 60|1, 61|1, 62|1
aim:4|1, 18|1, 21|1, 28|1, 56|1
airlin:5|1, 17|1, 20|1, 23|1, 59|1
ali:6|1, 9|1, 10|1, 12|1, 13|1, 14|1, 15|1, 16|1, 19|1, 22|1, 25|1, 29|1, 36|3, 43|1, 60|1, 61|1, 62|1
allevi:39|1
allez:6|1, 9|1, 10|1, 12|1, 13|1, 14|1, 15|1, 16|1, 19|1, 22|1, 25|1, 29|1, 43|1, 60|1, 61|1, 62|1
allow:4|1, 18|1, 21|1, 28|1, 39|2, 56|1
almost:5|2, 17|2, 20|2, 23|2, 59|2
also:1|1, 4|1, 8|1, 11|1, 18|1, 21|1, 26|1, 27|1, 28|1, 30|1, 31|1, 32|1, 33|1, 35|1, 47|1, 51|1, 52|1, 54|1, 55|1, 56|1
although:1|1, 8|1, 11|1, 27|1, 55|1
alumna:1|1, 8|1, 11|1, 27|1, 55|1
alumni:1|9, 2|2, 3|2, 4|2, 5|2, 6|2, 7|2, 8|9, 9|2, 10|2, 11|9, 12|2, 13|2, 14|2, 15|2, 16|2, 17|2, 18|2, 19|2, 20|2, 21|2, 22|2, 23|2, 24|2, 25|2, 26|2, 27|9, 28|2, 29|2, 30|2, 31|2, 32|3, 33|3, 34|2, 35|3, 36|2, 37|2, 38|2, 39|2, 40|2, 41|2, 42|2, 43|2, 44|2, 45|2, 46|2, 47|3, 48|2, 49|2, 50|2, 51|2, 52|3, 53|2, 54|2, 55|9, 56|2, 57|2, 58|2, 59|2, 60|2, 61|2, 62|2
alumnu:1|1, 6|1, 8|1, 9|1, 10|1, 11|1, 12|1, 13|1, 14|1, 15|1, 16|1, 19|1, 22|1, 25|1, 27|1, 29|1, 43|1, 55|1, 60|1, 61|1, 62|1
alway:1|1, 4|1, 8|1, 11|1, 18|1, 21|1, 27|1, 28|1, 55|1, 56|1
amaz:1|1, 8|1, 11|1, 27|1, 55|1
ambipolar:38|1
ammar:6|1, 9|1, 10|1, 12|1, 13|1, 14|1, 15|1, 16|1, 19|1, 22|1, 25|1, 29|1, 39|2, 43|1, 60|1, 61|1, 62|1
ammar':39|1
ana:4|2, 18|2, 21|2, 28|2, 41|1, 56|2
analog-to-digit:41|2
analysi:5|1, 6|1, 9|1, 10|1, 12|1, 13|1, 14|1, 15|1, 16|1, 17|1, 19|1, 20|1, 22|1, 23|1, 25|1, 29|1, 36|1, 39|2, 43|1, 59|1, 60|1, 61|1, 62|1
analyst:1|2, 8|2, 11|2, 27|2, 55|2
analyt:1|2, 8|2, 11|2, 27|2, 55|2
ancien:6|1, 9|1, 10|1, 12|1, 13|1, 14|1, 15|1, 16|1, 19|1, 22|1, 25|1, 29|1, 43|1, 60|1, 61|1, 62|1
andrew:4|1, 6|2, 9|2, 10|2, 12|2, 13|2, 14|2, 15|2, 16|2, 18|1, 19|2, 21|1, 22|2, 25|2, 28|1, 29|2, 37|1, 43|2, 56|1, 60|2, 61|2, 62|2
anecho:6|1, 9|1, 10|1, 12|1, 13|1, 14|1, 15|1, 16|1, 19|1, 22|1, 25|1, 29|1, 43|1, 60|1, 61|1, 62|1
announc:4|1, 18|1, 21|1, 28|1, 56|1
annual:5|1, 17|1, 20|1, 23|1, 59|1
anoth:5|1, 17|1, 20|1, 23|1, 59|1
answer:4|1, 18|1, 21|1, 28|1, 56|1
appli:5|2, 17|2, 20|2, 23|2, 59|2
applic:4|1, 5|1, 17|1, 18|1, 20|1, 21|1, 23|1, 28|1, 37|1, 41|1, 56|1, 59|1
appoint:4|6, 18|6, 21|6, 28|6, 56|6
approach:32|1, 33|1, 35|1, 47|1, 52|1
approxim:4|1, 18|1, 21|1, 28|1, 56|1
apprécier:6|1, 9|1, 10|1, 12|1, 13|1, 14|1, 15|1, 16|1, 19|1, 22|1, 25|1, 29|1, 43|1, 60|1, 61|1, 62|1
arbel:6|1, 9|1, 10|1, 12|1, 13|1, 14|1, 15|1, 16|1, 19|1, 22|1, 25|1, 29|1, 43|1, 60|1, 61|1, 62|1
architectur:6|1, 9|1, 10|1, 12|1, 13|1, 14|1, 15|1, 16|1, 19|1, 22|1, 25|1, 29|1, 41|3, 43|1, 60|1, 61|1, 62|1
ardakani:6|1, 9|1, 10|1, 12|1, 13|1, 14|1, 15|1, 16|1, 19|1, 22|1, 25|1, 29|1, 36|2, 43|1, 60|1, 61|1, 62|1
area:1|1, 4|2, 6|3, 8|1, 9|3, 10|3, 11|1, 12|3, 13|3, 14|3, 15|3, 16|3, 18|2, 19|3, 21|2, 22|3, 24|1, 25|3, 26|1, 27|1, 28|2, 29|3, 30|1, 31|1, 37|1, 39|2, 42|1, 43|3, 45|1, 49|1, 50|1, 51|1, 54|1, 55|1, 56|2, 60|3, 61|3, 62|3
around:1|1, 5|1, 8|1, 11|1, 17|1, 20|1, 23|1, 27|1, 55|1, 59|1
art:6|1, 9|1, 10|1, 12|1, 13|1, 14|1, 15|1, 16|1, 19|1, 22|1, 25|1, 29|1, 43|1, 60|1, 61|1, 62|1
articl:4|1, 18|1, 21|1, 28|1, 36|1, 56|1
artifact:4|1, 18|1, 21|1, 28|1, 56|1
asia:1|1, 8|1, 11|1, 27|1, 55|1
askmcgil:1|1, 2|1, 3|1, 4|1, 5|1, 6|1, 7|1, 8|1, 9|1, 10|1, 11|1, 12|1, 13|1, 14|1, 15|1, 16|1, 17|1, 18|1, 19|1, 20|1, 21|1, 22|1, 23|1, 24|1, 25|1, 26|1, 27|1, 28|1, 29|1, 30|1, 31|1, 32|1, 33|1, 34|1, 35|1, 36|1, 37|1, 38|1, 39|1, 40|1, 41|1, 42|1, 43|1, 44|1, 45|1, 46|1, 47|1, 48|1, 49|1, 50|1, 51|1, 52|1, 53|1, 54|1, 55|1, 56|1, 57|1, 58|1, 59|1, 60|1, 61|1, 62|1
asset:6|1, 9|1, 10|1, 12|1, 13|1, 14|1, 15|1, 16|1, 19|1, 22|1, 25|1, 29|1, 43|1, 60|1, 61|1, 62|1
assist:4|1, 18|1, 21|1, 28|1, 37|1, 56|1
associ:2|2, 3|2, 4|5, 18|5, 21|5, 28|5, 41|1, 44|2, 48|2, 56|5, 57|2
athlet:1|1, 2|1, 3|1, 4|1, 5|1, 6|1, 7|1, 8|1, 9|1, 10|1, 11|1, 12|1, 13|1, 14|1, 15|1, 16|1, 17|1, 18|1, 19|1, 20|1, 21|1, 22|1, 23|1, 24|1, 25|1, 26|1, 27|1, 28|1, 29|1, 30|1, 31|1, 32|1, 33|1, 34|1, 35|1, 36|1, 37|1, 38|1, 39|1, 40|1, 41|1, 42|1, 43|1, 44|1, 45|1, 46|1, 47|1, 48|1, 49|1, 50|1, 51|1, 52|1, 53|1, 54|1, 55|1, 56|1, 57|1, 58|1, 59|1, 60|1, 61|1, 62|1
atout:6|2, 9|2, 10|2, 12|2, 13|2, 14|2, 15|2, 16|2, 19|2, 22|2, 25|2, 29|2, 43|2, 60|2, 61|2, 62|2
au:6|9, 9|9, 10|9, 12|9, 13|9, 14|9, 15|9, 16|9, 19|9, 22|9, 25|9, 29|9, 43|9, 60|9, 61|9, 62|9
aucun:6|1, 9|1, 10|1, 12|1, 13|1, 14|1, 15|1, 16|1, 19|1, 22|1, 25|1, 29|1, 43|1, 60|1, 61|1, 62|1
aug:6|1, 9|1, 10|1, 12|1, 13|1, 14|1, 15|1, 16|1, 19|1, 22|1, 25|1, 29|1, 36|1, 43|1, 60|1, 61|1, 62|1
author:4|1, 18|1, 21|1, 28|1, 56|1
autom:4|2, 18|2, 21|2, 28|2, 56|2
aux:6|1, 9|1, 10|1, 12|1, 13|1, 14|1, 15|1, 16|1, 19|1, 22|1, 25|1, 29|1, 43|1, 60|1, 61|1, 62|1
avail:6|1, 7|1, 9|1, 10|1, 12|1, 13|1, 14|1, 15|1, 16|1, 19|1, 22|1, 25|1, 29|1, 34|1, 43|1, 46|1, 53|1, 58|1, 60|1, 61|1, 62|1
avec:6|1, 9|1, 10|1, 12|1, 13|1, 14|1, 15|1, 16|1, 19|1, 22|1, 25|1, 29|1, 43|1, 60|1, 61|1, 62|1
avion:37|1
award:2|1, 3|1, 4|11, 6|3, 9|3, 10|3, 12|3, 13|3, 14|3, 15|3, 16|3, 18|11, 19|3, 21|11, 22|3, 25|3, 28|11, 29|3, 36|5, 38|3, 43|3, 44|1, 48|1, 56|11, 57|1, 60|3, 61|3, 62|3
az:38|1
background:4|1, 18|1, 21|1, 26|1, 28|1, 30|1, 31|1, 51|1, 54|1, 56|1
band:39|1
bandwidth:41|1
bank:1|1, 8|1, 11|1, 27|1, 55|1
base:4|1, 18|1, 21|1, 28|1, 39|1, 56|1
basement:7|1, 34|1, 46|1, 53|1, 58|1
basic:26|1, 30|1, 31|1, 51|1, 54|1
bcap:6|1, 9|1, 10|1, 12|1, 13|1, 14|1, 15|1, 16|1, 19|1, 22|1, 25|1, 29|1, 43|1, 60|1, 61|1, 62|1
bctm:4|1, 18|1, 21|1, 28|1, 56|1
beam:6|1, 9|1, 10|1, 12|1, 13|1, 14|1, 15|1, 16|1, 19|1, 22|1, 25|1, 29|1, 38|2, 43|1, 60|1, 61|1, 62|1
becom:1|2, 4|1, 8|2, 11|2, 18|1, 21|1, 27|2, 28|1, 55|2, 56|1
behavior:38|1
benefit:1|1, 8|1, 11|1, 27|1, 41|1, 55|1
beng:1|3, 8|3, 11|3, 27|3, 41|1, 55|3
benoit:4|5, 18|5, 21|5, 28|5, 56|5
besid:1|1, 8|1, 11|1, 27|1, 55|1
best:1|1, 8|1, 11|1, 27|1, 36|1, 55|1
bicmo:4|1, 18|1, 21|1, 28|1, 56|1
bienvenu:6|1, 9|1, 10|1, 12|1, 13|1, 14|1, 15|1, 16|1, 19|1, 22|1, 25|1, 29|1, 43|1, 60|1, 61|1, 62|1
binh:6|1, 9|1, 10|1, 12|1, 13|1, 14|1, 15|1, 16|1, 19|1, 22|1, 25|1, 29|1, 38|2, 43|1, 60|1, 61|1, 62|1
bioelectr:24|2, 42|2, 45|2, 49|2, 50|2
biomed:41|4
biopotenti:41|1
bipolar:4|1, 18|1, 21|1, 28|1, 56|1
bit:6|1, 9|1, 10|1, 12|1, 13|1, 14|1, 15|1, 16|1, 19|1, 22|1, 25|1, 29|1, 41|1, 43|1, 60|1, 61|1, 62|1
blanchard:1|1, 8|1, 11|1, 27|1, 55|1
block:1|1, 8|1, 11|1, 27|1, 41|1, 55|1
board:4|1, 6|1, 9|1, 10|1, 12|1, 13|1, 14|1, 15|1, 16|1, 18|1, 19|1, 21|1, 22|1, 25|1, 26|1, 28|1, 29|1, 30|1, 31|1, 43|1, 51|1, 54|1, 56|1, 60|1, 61|1, 62|1
book:4|1, 5|1, 17|1, 18|1, 20|1, 21|1, 23|1, 28|1, 56|1, 59|1
bouffard:6|1, 9|1, 10|1, 12|1, 13|1, 14|1, 15|1, 16|1, 19|1, 22|1, 25|1, 29|1, 36|4, 43|1, 60|1, 61|1, 62|1
boulet:4|6, 18|6, 21|6, 28|6, 56|6
brain:1|1, 4|1, 8|1, 11|1, 18|1, 21|1, 27|1, 28|1, 55|1, 56|1
brain-machin:4|1, 18|1, 21|1, 28|1, 56|1
breakfast:4|1, 18|1, 21|1, 28|1, 56|1
breakthrough:1|1, 8|1, 11|1, 27|1, 55|1
brighter:4|1, 18|1, 21|1, 28|1, 56|1
brightest:1|1, 8|1, 11|1, 27|1, 55|1
broad:4|1, 18|1, 21|1, 28|1, 39|1, 56|1
brows:6|1, 9|1, 10|1, 12|1, 13|1, 14|1, 15|1, 16|1, 19|1, 22|1, 25|1, 29|1, 43|1, 60|1, 61|1, 62|1
bu:39|2
budget:6|2, 9|2, 10|2, 12|2, 13|2, 14|2, 15|2, 16|2, 19|2, 22|2, 25|2, 29|2, 43|2, 60|2, 61|2, 62|2
build:1|2, 2|1, 3|1, 4|3, 5|2, 6|3, 7|4, 8|2, 9|3, 10|3, 11|2, 12|3, 13|3, 14|3, 15|3, 16|3, 17|2, 18|3, 19|3, 20|2, 21|3, 22|3, 23|2, 24|1, 25|3, 26|1, 27|2, 28|3, 29|3, 30|1, 31|1, 32|1, 33|1, 34|4, 35|1, 36|1, 37|1, 38|1, 39|2, 40|1, 41|2, 42|1, 43|3, 44|1, 45|1, 46|4, 47|1, 48|1, 49|1, 50|1, 51|1, 52|1, 53|4, 54|1, 55|2, 56|3, 57|1, 58|4, 59|2, 60|3, 61|3, 62|3
built:1|1, 8|1, 11|1, 27|1, 55|1
bureau:6|1, 9|1, 10|1, 12|1, 13|1, 14|1, 15|1, 16|1, 19|1, 22|1, 25|1, 29|1, 43|1, 60|1, 61|1, 62|1
busi:1|3, 8|3, 11|3, 27|3, 55|3
business-focus:1|1, 8|1, 11|1, 27|1, 55|1
c:6|1, 9|1, 10|1, 12|1, 13|1, 14|1, 15|1, 16|1, 19|1, 22|1, 25|1, 29|1, 43|1, 60|1, 61|1, 62|1
ca:7|4, 34|4, 36|1, 37|1, 39|2, 41|2, 46|4, 53|4, 58|4
cadr:6|1, 9|1, 10|1, 12|1, 13|1, 14|1, 15|1, 16|1, 19|1, 22|1, 25|1, 29|1, 43|1, 60|1, 61|1, 62|1
calgari:4|2, 18|2, 21|2, 28|2, 56|2
call:6|1, 9|1, 10|1, 12|1, 13|1, 14|1, 15|1, 16|1, 19|1, 22|1, 25|1, 29|1, 43|1, 60|1, 61|1, 62|1
camil:1|1, 8|1, 11|1, 27|1, 55|1
campu:1|1, 2|4, 3|4, 4|1, 5|1, 6|3, 7|1, 8|1, 9|3, 10|3, 11|1, 12|3, 13|3, 14|3, 15|3, 16|3, 17|1, 18|1, 19|3, 20|1, 21|1, 22|3, 23|1, 24|1, 25|3, 26|1, 27|1, 28|1, 29|3, 30|1, 31|1, 32|1, 33|1, 34|1, 35|1, 36|1, 37|1, 38|1, 39|1, 40|1, 41|1, 42|1, 43|3, 44|4, 45|1, 46|1, 47|1, 48|4, 49|1, 50|1, 51|1, 52|1, 53|1, 54|1, 55|1, 56|1, 57|4, 58|1, 59|1, 60|3, 61|3, 62|3
canada:1|1, 2|1, 3|1, 4|8, 5|1, 6|1, 7|2, 8|1, 9|1, 10|1, 11|1, 12|1, 13|1, 14|1, 15|1, 16|1, 17|1, 18|8, 19|1, 20|1, 21|8, 22|1, 23|1, 24|1, 25|1, 26|1, 27|1, 28|8, 29|1, 30|1, 31|1, 32|4, 33|4, 34|2, 35|4, 36|1, 37|1, 38|1, 39|1, 40|1, 41|3, 42|1, 43|1, 44|1, 45|1, 46|2, 47|4, 48|1, 49|1, 50|1, 51|1, 52|4, 53|2, 54|1, 55|1, 56|8, 57|1, 58|2, 59|1, 60|1, 61|1, 62|1
canadian:4|1, 6|1, 9|1, 10|1, 12|1, 13|1, 14|1, 15|1, 16|1, 18|1, 19|1, 21|1, 22|1, 25|1, 26|1, 28|1, 29|1, 30|1, 31|1, 43|1, 51|1, 54|1, 56|1, 60|1, 61|1, 62|1
canadien:6|1, 9|1, 10|1, 12|1, 13|1, 14|1, 15|1, 16|1, 19|1, 22|1, 25|1, 29|1, 43|1, 60|1, 61|1, 62|1
candid:1|1, 8|1, 11|1, 27|1, 55|1
capabl:1|1, 8|1, 11|1, 27|1, 55|1
capac:39|1
capston:1|1, 8|1, 11|1, 27|1, 55|1
car:1|1, 5|1, 8|1, 11|1, 17|1, 20|1, 23|1, 27|1, 55|1, 59|1
card:7|1, 34|1, 46|1, 53|1, 58|1
care:1|1, 4|2, 5|1, 8|1, 11|1, 17|1, 18|2, 20|1, 21|2, 23|1, 27|1, 28|2, 55|1, 56|2, 59|1
career:1|4, 2|1, 3|1, 4|3, 5|1, 6|1, 7|1, 8|4, 9|1, 10|1, 11|4, 12|1, 13|1, 14|1, 15|1, 16|1, 17|1, 18|3, 19|1, 20|1, 21|3, 22|1, 23|1, 24|1, 25|1, 26|1, 27|4, 28|3, 29|1, 30|1, 31|1, 32|1, 33|1, 34|1, 35|1, 36|1, 37|1, 38|1, 39|1, 40|1, 41|1, 42|1, 43|1, 44|1, 45|1, 46|1, 47|1, 48|1, 49|1, 50|1, 51|1, 52|1, 53|1, 54|1, 55|4, 56|3, 57|1, 58|1, 59|1, 60|1, 61|1, 62|1
carleton:4|1, 18|1, 21|1, 28|1, 56|1
catalyst:1|1, 8|1, 11|1, 27|1, 55|1
categori:36|1, 37|1, 38|1, 39|1, 40|1, 41|1
ceab:6|1, 9|1, 10|1, 12|1, 13|1, 14|1, 15|1, 16|1, 19|1, 22|1, 25|1, 26|1, 29|1, 30|1, 31|1, 43|1, 51|1, 54|1, 60|1, 61|1, 62|1
center:4|1, 18|1, 21|1, 28|1, 56|1
centr:1|2, 2|1, 3|1, 4|2, 5|1, 6|1, 7|1, 8|2, 9|1, 10|1, 11|2, 12|1, 13|1, 14|1, 15|1, 16|1, 17|1, 18|2, 19|1, 20|1, 21|2, 22|1, 23|1, 24|1, 25|1, 26|1, 27|2, 28|2, 29|1, 30|1, 31|1, 32|1, 33|1, 34|1, 35|1, 36|1, 37|1, 38|1, 39|1, 40|1, 41|1, 42|1, 43|1, 44|1, 45|1, 46|1, 47|1, 48|1, 49|1, 50|1, 51|1, 52|1, 53|1, 54|1, 55|2, 56|2, 57|1, 58|1, 59|1, 60|1, 61|1, 62|1
central:5|1, 17|1, 20|1, 23|1, 59|1
certain:7|1, 34|1, 46|1, 53|1, 58|1
chai:1|1, 8|1, 11|1, 27|1, 55|1
chair:4|6, 6|1, 9|1, 10|1, 12|1, 13|1, 14|1, 15|1, 16|1, 18|6, 19|1, 21|6, 22|1, 25|1, 28|6, 29|1, 37|1, 43|1, 56|6, 60|1, 61|1, 62|1
challeng:41|1
chamber:6|1, 9|1, 10|1, 12|1, 13|1, 14|1, 15|1, 16|1, 19|1, 22|1, 25|1, 29|1, 43|1, 60|1, 61|1, 62|1
chanc:2|1, 3|1, 44|1, 48|1, 57|1
chang:4|1, 18|1, 21|1, 28|1, 56|1
chapter:4|4, 18|4, 21|4, 28|4, 56|4
characterist:39|2
charter:1|1, 8|1, 11|1, 27|1, 55|1
cheaper:4|1, 18|1, 21|1, 28|1, 56|1
check-out:5|1, 17|1, 20|1, 23|1, 59|1
chemistri:4|1, 18|1, 21|1, 28|1, 56|1
chr:4|1, 18|1, 21|1, 28|1, 56|1
cicc:4|1, 18|1, 21|1, 28|1, 56|1
cim:4|2, 18|2, 21|2, 28|2, 56|2
circuit:4|6, 18|6, 21|6, 24|2, 28|6, 39|1, 41|8, 42|2, 45|2, 49|2, 50|2, 56|6
circuit-level:41|1
citat:4|1, 18|1, 21|1, 28|1, 36|1, 56|1
citi:2|1, 3|1, 6|1, 9|1, 10|1, 12|1, 13|1, 14|1, 15|1, 16|1, 19|1, 22|1, 25|1, 29|1, 43|1, 44|1, 48|1, 57|1, 60|1, 61|1, 62|1
class:5|1, 17|1, 20|1, 23|1, 41|2, 59|1
classic:41|1
classroom:2|1, 3|1, 44|1, 48|1, 57|1
club:2|1, 3|1, 44|1, 48|1, 57|1
cmo:6|1, 9|1, 10|1, 12|1, 13|1, 14|1, 15|1, 16|1, 19|1, 22|1, 25|1, 29|1, 41|3, 43|1, 60|1, 61|1, 62|1
co-chair:4|1, 18|1, 21|1, 28|1, 56|1
coat:6|1, 9|1, 10|1, 12|1, 13|1, 14|1, 15|1, 16|1, 19|1, 22|1, 25|1, 29|1, 43|1, 60|1, 61|1, 62|1
collabor:1|2, 4|2, 6|4, 8|2, 9|4, 10|4, 11|2, 12|4, 13|4, 14|4, 15|4, 16|4, 18|2, 19|4, 21|2, 22|4, 25|4, 27|2, 28|2, 29|4, 43|4, 55|2, 56|2, 60|4, 61|4, 62|4
collaborateur:6|1, 9|1, 10|1, 12|1, 13|1, 14|1, 15|1, 16|1, 19|1, 22|1, 25|1, 29|1, 43|1, 60|1, 61|1, 62|1
colleagu:1|1, 8|1, 11|1, 27|1, 55|1
color:4|1, 18|1, 21|1, 28|1, 56|1
columbia:32|1, 33|1, 35|1, 47|1, 52|1
column:1|6, 2|6, 3|6, 4|6, 5|6, 6|6, 7|6, 8|6, 9|6, 10|6, 11|6, 12|6, 13|6, 14|6, 15|6, 16|6, 17|6, 18|6, 19|6, 20|6, 21|6, 22|6, 23|6, 24|6, 25|6, 26|6, 27|6, 28|6, 29|6, 30|6, 31|6, 32|6, 33|6, 34|6, 35|6, 36|6, 37|6, 38|6, 39|6, 40|6, 41|6, 42|6, 43|6, 44|6, 45|6, 46|6, 47|6, 48|6, 49|6, 50|6, 51|6, 52|6, 53|6, 54|6, 55|6, 56|6, 57|6, 58|6, 59|6, 60|6, 61|6, 62|6
combin:1|1, 4|2, 8|1, 11|1, 18|2, 21|2, 27|1, 28|2, 55|1, 56|2
come:32|1, 33|1, 35|1, 47|1, 52|1
comfort:4|1, 18|1, 21|1, 28|1, 56|1
comment:7|1, 34|1, 46|1, 53|1, 58|1
commerci:1|1, 8|1, 11|1, 27|1, 55|1
committe:4|4, 18|4, 21|4, 28|4, 36|2, 56|4
commun:1|3, 2|1, 3|1, 4|3, 5|2, 6|2, 7|1, 8|3, 9|2, 10|2, 11|3, 12|2, 13|2, 14|2, 15|2, 16|2, 17|2, 18|3, 19|2, 20|2, 21|3, 22|2, 23|2, 24|1, 25|2, 26|1, 27|3, 28|3, 29|2, 30|1, 31|1, 32|1, 33|1, 34|1, 35|1, 36|1, 37|1, 38|1, 39|1, 40|1, 41|1, 42|1, 43|2, 44|1, 45|1, 46|1, 47|1, 48|1, 49|1, 50|1, 51|1, 52|1, 53|1, 54|1, 55|3, 56|3, 57|1, 58|1, 59|2, 60|2, 61|2, 62|2
compani:1|2, 4|1, 8|2, 11|2, 18|1, 21|1, 27|2, 28|1, 55|2, 56|1
company':4|1, 18|1, 21|1, 28|1, 56|1
competit:6|2, 9|2, 10|2, 12|2, 13|2, 14|2, 15|2, 16|2, 19|2, 22|2, 25|2, 29|2, 43|2, 60|2, 61|2, 62|2
complementari:26|1, 30|1, 31|1, 51|1, 54|1
complet:1|2, 8|2, 11|2, 27|2, 55|2
complex:4|1, 5|1, 17|1, 18|1, 20|1, 21|1, 23|1, 28|1, 56|1, 59|1
compon:4|1, 18|1, 21|1, 28|1, 56|1
comput:1|4, 2|3, 3|3, 4|8, 5|17, 6|7, 7|5, 8|4, 9|7, 10|7, 11|4, 12|7, 13|7, 14|7, 15|7, 16|7, 17|17, 18|8, 19|7, 20|17, 21|8, 22|7, 23|17, 24|5, 25|7, 26|4, 27|4, 28|8, 29|7, 30|4, 31|4, 32|3, 33|3, 34|5, 35|3, 36|4, 37|4, 38|4, 39|4, 40|3, 41|3, 42|5, 43|7, 44|3, 45|5, 46|5, 47|3, 48|3, 49|5, 50|5, 51|4, 52|3, 53|5, 54|4, 55|4, 56|8, 57|3, 58|5, 59|17, 60|7, 61|7, 62|7
compétenc:6|1, 9|1, 10|1, 12|1, 13|1, 14|1, 15|1, 16|1, 19|1, 22|1, 25|1, 29|1, 43|1, 60|1, 61|1, 62|1
concept:39|1
concern:4|1, 18|1, 21|1, 28|1, 56|1
conclus:39|1
concult:1|1, 8|1, 11|1, 27|1, 55|1
conduct:1|1, 6|1, 8|1, 9|1, 10|1, 11|1, 12|1, 13|1, 14|1, 15|1, 16|1, 19|1, 22|1, 25|1, 27|1, 29|1, 38|1, 43|1, 55|1, 60|1, 61|1, 62|1
conductor:39|1
confer:4|2, 6|1, 9|1, 10|1, 12|1, 13|1, 14|1, 15|1, 16|1, 18|2, 19|1, 21|2, 22|1, 25|1, 28|2, 29|1, 38|2, 43|1, 56|2, 60|1, 61|1, 62|1
conform:26|1, 30|1, 31|1, 51|1, 54|1
congratul:36|1, 38|1
connect:1|1, 8|1, 11|1, 27|1, 39|6, 55|1
consid:5|1, 17|1, 20|1, 23|1, 59|1
consist:4|1, 18|1, 21|1, 28|1, 56|1
constraint:36|1
consult:1|3, 4|1, 8|3, 11|3, 18|1, 21|1, 27|3, 28|1, 55|3, 56|1
consum:41|1
contact:1|1, 2|1, 3|1, 4|1, 5|1, 6|3, 7|4, 8|1, 9|3, 10|3, 11|1, 12|3, 13|3, 14|3, 15|3, 16|3, 17|1, 18|1, 19|3, 20|1, 21|1, 22|3, 23|1, 24|1, 25|3, 26|1, 27|1, 28|1, 29|3, 30|1, 31|1, 32|1, 33|1, 34|4, 35|1, 36|3, 37|3, 38|1, 39|3, 40|1, 41|3, 42|1, 43|3, 44|1, 45|1, 46|4, 47|1, 48|1, 49|1, 50|1, 51|1, 52|1, 53|4, 54|1, 55|1, 56|1, 57|1, 58|4, 59|1, 60|3, 61|3, 62|3
contemporari:5|2, 17|2, 20|2, 23|2, 59|2
content:1|1, 6|1, 8|1, 9|1, 10|1, 11|1, 12|1, 13|1, 14|1, 15|1, 16|1, 19|1, 22|1, 25|1, 27|1, 29|1, 36|1, 37|1, 38|1, 39|1, 40|1, 41|1, 43|1, 55|1, 60|1, 61|1, 62|1
context:6|2, 9|2, 10|2, 12|2, 13|2, 14|2, 15|2, 16|2, 19|2, 22|2, 25|2, 29|2, 39|1, 43|2, 60|2, 61|2, 62|2
continu:5|2, 17|2, 20|2, 23|2, 59|2
contribut:1|1, 4|2, 8|1, 11|1, 18|2, 21|2, 27|1, 28|2, 32|1, 33|1, 35|1, 47|1, 52|1, 55|1, 56|2
control:4|5, 5|1, 17|1, 18|5, 20|1, 21|5, 23|1, 24|2, 28|5, 39|4, 42|2, 45|2, 49|2, 50|2, 56|5, 59|1
convent:39|1
convers:41|2
convert:41|1
copyright:1|1, 2|1, 3|1, 4|1, 5|1, 6|1, 7|1, 8|1, 9|1, 10|1, 11|1, 12|1, 13|1, 14|1, 15|1, 16|1, 17|1, 18|1, 19|1, 20|1, 21|1, 22|1, 23|1, 24|1, 25|1, 26|1, 27|1, 28|1, 29|1, 30|1, 31|1, 32|1, 33|1, 34|1, 35|1, 36|1, 37|1, 38|1, 39|1, 40|1, 41|1, 42|1, 43|1, 44|1, 45|1, 46|1, 47|1, 48|1, 49|1, 50|1, 51|1, 52|1, 53|1, 54|1, 55|1, 56|1, 57|1, 58|1, 59|1, 60|1, 61|1, 62|1
core:5|1, 6|1, 9|1, 10|1, 12|1, 13|1, 14|1, 15|1, 16|1, 17|1, 19|1, 20|1, 22|1, 23|1, 25|1, 29|1, 43|1, 59|1, 60|1, 61|1, 62|1
coronado:4|1, 18|1, 21|1, 28|1, 56|1
corpor:4|1, 18|1, 21|1, 28|1, 56|1
cost:4|2, 18|2, 21|2, 28|2, 56|2
count:4|1, 18|1, 21|1, 28|1, 56|1
countri:4|2, 18|2, 21|2, 28|2, 56|2
cours:1|4, 2|2, 3|2, 4|2, 5|2, 6|4, 7|2, 8|4, 9|4, 10|4, 11|4, 12|4, 13|4, 14|4, 15|4, 16|4, 17|2, 18|2, 19|4, 20|2, 21|2, 22|4, 23|2, 24|2, 25|4, 26|4, 27|4, 28|2, 29|4, 30|4, 31|4, 32|2, 33|2, 34|2, 35|2, 36|2, 37|2, 38|2, 39|2, 40|6, 41|2, 42|2, 43|4, 44|2, 45|2, 46|2, 47|2, 48|2, 49|2, 50|2, 51|4, 52|2, 53|2, 54|4, 55|4, 56|2, 57|2, 58|2, 59|2, 60|4, 61|4, 62|4
crc:4|1, 18|1, 21|1, 28|1, 56|1
creat:1|1, 4|1, 5|1, 8|1, 11|1, 17|1, 18|1, 20|1, 21|1, 23|1, 27|1, 28|1, 55|1, 56|1, 59|1
critic:1|1, 8|1, 11|1, 27|1, 41|2, 55|1
crystal:4|1, 18|1, 21|1, 28|1, 56|1
current:41|2
curriculum:1|1, 4|1, 8|1, 11|1, 18|1, 21|1, 27|1, 28|1, 55|1, 56|1
custom:1|1, 4|1, 8|1, 11|1, 18|1, 21|1, 27|1, 28|1, 55|1, 56|1
cycl:6|3, 9|3, 10|3, 12|3, 13|3, 14|3, 15|3, 16|3, 19|3, 22|3, 25|3, 29|3, 43|3, 60|3, 61|3, 62|3
d:6|3, 9|3, 10|3, 12|3, 13|3, 14|3, 15|3, 16|3, 19|3, 22|3, 25|3, 29|3, 43|3, 60|3, 61|3, 62|3
d'innov:6|1, 9|1, 10|1, 12|1, 13|1, 14|1, 15|1, 16|1, 19|1, 22|1, 25|1, 29|1, 43|1, 60|1, 61|1, 62|1
d'étudiant:6|1, 9|1, 10|1, 12|1, 13|1, 14|1, 15|1, 16|1, 19|1, 22|1, 25|1, 29|1, 43|1, 60|1, 61|1, 62|1
dac:41|1
dalhousi:41|1
dan:6|3, 9|3, 10|3, 12|3, 13|3, 14|3, 15|3, 16|3, 19|3, 22|3, 25|3, 29|3, 43|3, 60|3, 61|3, 62|3
data:6|1, 9|1, 10|1, 12|1, 13|1, 14|1, 15|1, 16|1, 19|1, 22|1, 25|1, 29|1, 43|1, 60|1, 61|1, 62|1
date:1|1, 2|1, 3|1, 4|1, 5|1, 6|1, 7|1, 8|1, 9|1, 10|1, 11|1, 12|1, 13|1, 14|1, 15|1, 16|1, 17|1, 18|1, 19|1, 20|1, 21|1, 22|1, 23|1, 24|1, 25|1, 26|1, 27|1, 28|1, 29|1, 30|1, 31|1, 32|1, 33|1, 34|1, 35|1, 36|1, 37|1, 38|1, 39|1, 40|1, 41|2, 42|1, 43|1, 44|1, 45|1, 46|1, 47|1, 48|1, 49|1, 50|1, 51|1, 52|1, 53|1, 54|1, 55|1, 56|1, 57|1, 58|1, 59|1, 60|1, 61|1, 62|1
david:6|1, 9|1, 10|1, 12|1, 13|1, 14|1, 15|1, 16|1, 19|1, 22|1, 25|1, 29|1, 43|1, 60|1, 61|1, 62|1
dawson:4|2, 18|2, 21|2, 28|2, 56|2
day:7|2, 34|2, 46|2, 53|2, 58|2
dc:36|1
dc-base:36|1
de:4|1, 6|29, 9|29, 10|29, 12|29, 13|29, 14|29, 15|29, 16|29, 18|1, 19|29, 21|1, 22|29, 25|29, 28|1, 29|29, 43|29, 56|1, 60|29, 61|29, 62|29
dean:1|1, 4|1, 8|1, 11|1, 18|1, 21|1, 27|1, 28|1, 55|1, 56|1
dec:6|3, 9|3, 10|3, 12|3, 13|3, 14|3, 15|3, 16|3, 19|3, 22|3, 25|3, 29|3, 39|1, 40|1, 41|1, 43|3, 60|3, 61|3, 62|3
decad:4|1, 18|1, 21|1, 28|1, 56|1
decis:39|1
defenc:6|2, 9|2, 10|2, 12|2, 13|2, 14|2, 15|2, 16|2, 19|2, 22|2, 25|2, 29|2, 39|2, 41|2, 43|2, 60|2, 61|2, 62|2
degre:1|4, 6|1, 8|4, 9|1, 10|1, 11|4, 12|1, 13|1, 14|1, 15|1, 16|1, 19|1, 22|1, 25|1, 26|1, 27|4, 29|1, 30|1, 31|1, 41|3, 43|1, 51|1, 54|1, 55|4, 60|1, 61|1, 62|1
deliv:1|1, 8|1, 11|1, 27|1, 55|1
deloitt:1|1, 8|1, 11|1, 27|1, 55|1
delta-sigma:6|1, 9|1, 10|1, 12|1, 13|1, 14|1, 15|1, 16|1, 19|1, 22|1, 25|1, 29|1, 41|11, 43|1, 60|1, 61|1, 62|1
demonstr:41|2
depart:1|6, 2|4, 3|4, 4|6, 5|4, 6|8, 7|5, 8|6, 9|8, 10|8, 11|6, 12|8, 13|8, 14|8, 15|8, 16|8, 17|4, 18|6, 19|8, 20|4, 21|6, 22|8, 23|4, 24|4, 25|8, 26|5, 27|6, 28|6, 29|8, 30|5, 31|5, 32|4, 33|4, 34|5, 35|4, 36|4, 37|5, 38|5, 39|5, 40|4, 41|4, 42|4, 43|8, 44|4, 45|4, 46|5, 47|4, 48|4, 49|4, 50|4, 51|5, 52|4, 53|5, 54|5, 55|6, 56|6, 57|4, 58|5, 59|4, 60|8, 61|8, 62|8
department':7|1, 34|1, 46|1, 53|1, 58|1
depend:5|1, 17|1, 20|1, 23|1, 59|1
deploy:6|1, 9|1, 10|1, 12|1, 13|1, 14|1, 15|1, 16|1, 19|1, 22|1, 25|1, 29|1, 43|1, 60|1, 61|1, 62|1
dept:36|1, 37|1, 38|1, 39|1, 40|1, 41|1
design:1|2, 5|5, 6|4, 8|2, 9|4, 10|4, 11|2, 12|4, 13|4, 14|4, 15|4, 16|4, 17|5, 19|4, 20|5, 22|4, 23|5, 25|4, 26|1, 27|2, 29|4, 30|1, 31|1, 41|7, 43|4, 51|1, 54|1, 55|2, 59|5, 60|4, 61|4, 62|4
develop:1|2, 2|1, 3|1, 4|5, 5|5, 6|1, 7|1, 8|2, 9|1, 10|1, 11|2, 12|1, 13|1, 14|1, 15|1, 16|1, 17|5, 18|5, 19|1, 20|5, 21|5, 22|1, 23|5, 24|1, 25|1, 26|1, 27|2, 28|5, 29|1, 30|1, 31|1, 32|1, 33|1, 34|1, 35|1, 36|1, 37|1, 38|1, 39|2, 40|1, 41|1, 42|1, 43|1, 44|1, 45|1, 46|1, 47|1, 48|1, 49|1, 50|1, 51|1, 52|1, 53|1, 54|1, 55|2, 56|5, 57|1, 58|1, 59|5, 60|1, 61|1, 62|1
devic:4|2, 5|1, 17|1, 18|2, 20|1, 21|2, 23|1, 24|2, 28|2, 41|2, 42|2, 45|2, 49|2, 50|2, 56|2, 59|1
dexter:39|1, 41|1
differenti:41|2
diffus:1|1, 8|1, 11|1, 27|1, 55|1
digital-to-analog:41|1
diplôm:6|1, 9|1, 10|1, 12|1, 13|1, 14|1, 15|1, 16|1, 19|1, 22|1, 25|1, 29|1, 43|1, 60|1, 61|1, 62|1
directeur:6|1, 9|1, 10|1, 12|1, 13|1, 14|1, 15|1, 16|1, 19|1, 22|1, 25|1, 29|1, 43|1, 60|1, 61|1, 62|1
director:4|3, 18|3, 21|3, 28|3, 56|3
directori:1|3, 2|3, 3|3, 4|3, 5|3, 6|3, 7|3, 8|3, 9|3, 10|3, 11|3, 12|3, 13|3, 14|3, 15|3, 16|3, 17|3, 18|3, 19|3, 20|3, 21|3, 22|3, 23|3, 24|3, 25|3, 26|3, 27|3, 28|3, 29|3, 30|3, 31|3, 32|3, 33|3, 34|3, 35|3, 36|3, 37|3, 38|3, 39|3, 40|3, 41|3, 42|3, 43|3, 44|3, 45|3, 46|3, 47|3, 48|3, 49|3, 50|3, 51|3, 52|3, 53|3, 54|3, 55|3, 56|3, 57|3, 58|3, 59|3, 60|3, 61|3, 62|3
dirig:6|1, 9|1, 10|1, 12|1, 13|1, 14|1, 15|1, 16|1, 19|1, 22|1, 25|1, 29|1, 43|1, 60|1, 61|1, 62|1
discrep:39|1
discuss:6|1, 9|1, 10|1, 12|1, 13|1, 14|1, 15|1, 16|1, 19|1, 22|1, 25|1, 29|1, 43|1, 60|1, 61|1, 62|1
display:4|5, 18|5, 21|5, 28|5, 56|5
dispon:6|1, 9|1, 10|1, 12|1, 13|1, 14|1, 15|1, 16|1, 19|1, 22|1, 25|1, 29|1, 43|1, 60|1, 61|1, 62|1
distinct:41|1
distinguish:4|1, 18|1, 21|1, 28|1, 56|1
distort:41|1
distribut:5|1, 6|1, 9|1, 10|1, 12|1, 13|1, 14|1, 15|1, 16|1, 17|1, 19|1, 20|1, 22|1, 23|1, 25|1, 29|1, 39|10, 43|1, 59|1, 60|1, 61|1, 62|1
distribution-network:39|1
divers:6|1, 9|1, 10|1, 12|1, 13|1, 14|1, 15|1, 16|1, 19|1, 22|1, 25|1, 29|1, 43|1, 60|1, 61|1, 62|1
doctor:1|1, 8|1, 11|1, 26|1, 27|1, 30|1, 31|1, 51|1, 54|1, 55|1
doesn't:1|1, 8|1, 11|1, 27|1, 55|1
domain:6|2, 9|2, 10|2, 12|2, 13|2, 14|2, 15|2, 16|2, 19|2, 22|2, 25|2, 29|2, 43|2, 60|2, 61|2, 62|2
domest:5|1, 17|1, 20|1, 23|1, 59|1
door:1|1, 8|1, 11|1, 27|1, 55|1
dot:7|8, 34|8, 36|2, 37|2, 39|2, 41|2, 46|8, 53|8, 58|8
doubt:6|1, 9|1, 10|1, 12|1, 13|1, 14|1, 15|1, 16|1, 19|1, 22|1, 25|1, 29|1, 43|1, 60|1, 61|1, 62|1
dout:6|1, 9|1, 10|1, 12|1, 13|1, 14|1, 15|1, 16|1, 19|1, 22|1, 25|1, 29|1, 43|1, 60|1, 61|1, 62|1
download:5|1, 17|1, 20|1, 23|1, 59|1
downtown:2|1, 3|1, 6|1, 9|1, 10|1, 12|1, 13|1, 14|1, 15|1, 16|1, 19|1, 22|1, 25|1, 29|1, 43|1, 44|1, 48|1, 57|1, 60|1, 61|1, 62|1
dr:4|5, 6|2, 9|2, 10|2, 12|2, 13|2, 14|2, 15|2, 16|2, 18|5, 19|2, 21|5, 22|2, 25|2, 28|5, 29|2, 43|2, 56|5, 60|2, 61|2, 62|2
drawn:39|1
drive:4|1, 18|1, 21|1, 28|1, 56|1
drop:1|1, 8|1, 11|1, 27|1, 55|1
du:4|1, 6|4, 9|4, 10|4, 12|4, 13|4, 14|4, 15|4, 16|4, 18|1, 19|4, 21|1, 22|4, 25|4, 28|1, 29|4, 43|4, 56|1, 60|4, 61|4, 62|4
dumb:4|1, 18|1, 21|1, 28|1, 56|1
durabl:4|1, 18|1, 21|1, 28|1, 56|1
dynam:6|1, 9|1, 10|1, 12|1, 13|1, 14|1, 15|1, 16|1, 19|1, 22|1, 25|1, 29|1, 43|1, 60|1, 61|1, 62|1
dynamiqu:6|1, 9|1, 10|1, 12|1, 13|1, 14|1, 15|1, 16|1, 19|1, 22|1, 25|1, 29|1, 43|1, 60|1, 61|1, 62|1
décerner:6|1, 9|1, 10|1, 12|1, 13|1, 14|1, 15|1, 16|1, 19|1, 22|1, 25|1, 29|1, 43|1, 60|1, 61|1, 62|1
département:6|6, 9|6, 10|6, 12|6, 13|6, 14|6, 15|6, 16|6, 19|6, 22|6, 25|6, 29|6, 43|6, 60|6, 61|6, 62|6
e-mail:5|1, 17|1, 20|1, 23|1, 59|1
earli:4|1, 18|1, 21|1, 28|1, 56|1
earn:4|1, 18|1, 21|1, 28|1, 56|1
east:1|1, 8|1, 11|1, 27|1, 55|1
ece:1|6, 2|2, 3|2, 4|1, 5|1, 6|5, 7|5, 8|6, 9|5, 10|5, 11|6, 12|5, 13|5, 14|5, 15|5, 16|5, 17|1, 18|1, 19|5, 20|1, 21|1, 22|5, 23|1, 24|1, 25|5, 26|3, 27|6, 28|1, 29|5, 30|3, 31|3, 32|1, 33|1, 34|5, 35|1, 36|2, 37|3, 38|2, 39|3, 40|2, 41|3, 42|1, 43|5, 44|2, 45|1, 46|5, 47|1, 48|2, 49|1, 50|1, 51|3, 52|1, 53|5, 54|3, 55|6, 56|1, 57|2, 58|5, 59|1, 60|5, 61|5, 62|5
econom:36|1
ecs:6|2, 9|2, 10|2, 12|2, 13|2, 14|2, 15|2, 16|2, 19|2, 22|2, 25|2, 29|2, 43|2, 60|2, 61|2, 62|2
editor:4|1, 18|1, 21|1, 28|1, 56|1
educ:1|3, 5|1, 8|3, 11|3, 17|1, 20|1, 23|1, 27|3, 55|3, 59|1
effect:5|1, 17|1, 20|1, 23|1, 39|1, 41|1, 59|1
efficac:6|1, 9|1, 10|1, 12|1, 13|1, 14|1, 15|1, 16|1, 19|1, 22|1, 25|1, 29|1, 43|1, 60|1, 61|1, 62|1
effici:6|1, 9|1, 10|1, 12|1, 13|1, 14|1, 15|1, 16|1, 19|1, 22|1, 25|1, 29|1, 43|1, 60|1, 61|1, 62|1
el-gam:4|5, 18|5, 21|5, 28|5, 56|5
el-gamal':4|1, 18|1, 21|1, 28|1, 56|1
electr:1|6, 2|3, 3|3, 4|7, 5|12, 6|7, 7|4, 8|6, 9|7, 10|7, 11|6, 12|7, 13|7, 14|7, 15|7, 16|7, 17|12, 18|7, 19|7, 20|12, 21|7, 22|7, 23|12, 24|3, 25|7, 26|5, 27|6, 28|7, 29|7, 30|5, 31|5, 32|3, 33|3, 34|4, 35|3, 36|4, 37|4, 38|4, 39|6, 40|3, 41|5, 42|3, 43|7, 44|3, 45|3, 46|4, 47|3, 48|3, 49|3, 50|3, 51|5, 52|3, 53|4, 54|5, 55|6, 56|7, 57|3, 58|4, 59|12, 60|7, 61|7, 62|7
electromagnet:24|2, 42|2, 45|2, 49|2, 50|2
electron:4|2, 18|2, 21|2, 28|2, 56|2
elev:4|1, 18|1, 21|1, 28|1, 56|1
email:1|2, 2|2, 3|2, 4|2, 5|2, 6|2, 7|3, 8|2, 9|2, 10|2, 11|2, 12|2, 13|2, 14|2, 15|2, 16|2, 17|2, 18|2, 19|2, 20|2, 21|2, 22|2, 23|2, 24|2, 25|2, 26|2, 27|2, 28|2, 29|2, 30|2, 31|2, 32|2, 33|2, 34|3, 35|2, 36|3, 37|3, 38|2, 39|3, 40|2, 41|3, 42|2, 43|2, 44|2, 45|2, 46|3, 47|2, 48|2, 49|2, 50|2, 51|2, 52|2, 53|3, 54|2, 55|2, 56|2, 57|2, 58|3, 59|2, 60|2, 61|2, 62|2
embed:4|1, 6|1, 9|1, 10|1, 12|1, 13|1, 14|1, 15|1, 16|1, 18|1, 19|1, 21|1, 22|1, 25|1, 28|1, 29|1, 37|3, 43|1, 56|1, 60|1, 61|1, 62|1
emerg:1|1, 4|1, 8|1, 11|1, 18|1, 21|1, 27|1, 28|1, 55|1, 56|1
emiss:6|1, 9|1, 10|1, 12|1, 13|1, 14|1, 15|1, 16|1, 19|1, 22|1, 25|1, 29|1, 39|1, 43|1, 60|1, 61|1, 62|1
emphasi:39|1
employ:1|3, 2|1, 3|1, 4|1, 5|1, 6|1, 7|1, 8|3, 9|1, 10|1, 11|3, 12|1, 13|1, 14|1, 15|1, 16|1, 17|1, 18|1, 19|1, 20|1, 21|1, 22|1, 23|1, 24|1, 25|1, 26|1, 27|3, 28|1, 29|1, 30|1, 31|1, 32|1, 33|1, 34|1, 35|1, 36|1, 37|1, 38|1, 39|1, 40|1, 41|1, 42|1, 43|1, 44|1, 45|1, 46|1, 47|1, 48|1, 49|1, 50|1, 51|1, 52|1, 53|1, 54|1, 55|3, 56|1, 57|1, 58|1, 59|1, 60|1, 61|1, 62|1
en:4|1, 6|2, 9|2, 10|2, 12|2, 13|2, 14|2, 15|2, 16|2, 18|1, 19|2, 21|1, 22|2, 25|2, 28|1, 29|2, 43|2, 56|1, 60|2, 61|2, 62|2
enabl:5|1, 17|1, 20|1, 23|1, 59|1
encadré:6|1, 9|1, 10|1, 12|1, 13|1, 14|1, 15|1, 16|1, 19|1, 22|1, 25|1, 29|1, 43|1, 60|1, 61|1, 62|1
encourag:1|1, 8|1, 11|1, 27|1, 32|1, 33|1, 35|1, 47|1, 52|1, 55|1
end:5|1, 17|1, 20|1, 23|1, 59|1
end-of-term:6|2, 9|2, 10|2, 12|2, 13|2, 14|2, 15|2, 16|2, 19|2, 22|2, 25|2, 29|2, 43|2, 60|2, 61|2, 62|2
energi:36|1, 39|3
engin:1|17, 2|7, 3|7, 4|13, 5|24, 6|13, 7|10, 8|17, 9|13, 10|13, 11|17, 12|13, 13|13, 14|13, 15|13, 16|13, 17|24, 18|13, 19|13, 20|24, 21|13, 22|13, 23|24, 24|12, 25|13, 26|11, 27|17, 28|13, 29|13, 30|11, 31|11, 32|10, 33|10, 34|10, 35|10, 36|6, 37|13, 38|7, 39|8, 40|6, 41|9, 42|12, 43|13, 44|7, 45|12, 46|10, 47|10, 48|7, 49|12, 50|12, 51|11, 52|10, 53|10, 54|11, 55|17, 56|13, 57|7, 58|10, 59|24, 60|13, 61|13, 62|13
enjoy:1|1, 6|1, 8|1, 9|1, 10|1, 11|1, 12|1, 13|1, 14|1, 15|1, 16|1, 19|1, 22|1, 25|1, 27|1, 29|1, 43|1, 55|1, 60|1, 61|1, 62|1
enseign:6|2, 9|2, 10|2, 12|2, 13|2, 14|2, 15|2, 16|2, 19|2, 22|2, 25|2, 29|2, 43|2, 60|2, 61|2, 62|2
enter:1|3, 2|1, 3|2, 4|2, 5|2, 6|2, 7|2, 8|3, 9|1, 10|2, 11|3, 12|2, 13|2, 14|2, 15|2, 16|1, 17|1, 18|2, 19|2, 20|2, 21|2, 22|2, 23|2, 24|2, 25|1, 26|1, 27|2, 28|1, 29|2, 30|2, 31|2, 32|2, 33|2, 34|1, 35|2, 36|1, 37|1, 38|1, 39|1, 40|1, 41|1, 42|2, 43|2, 44|2, 45|2, 46|2, 47|1, 48|2, 49|2, 50|1, 51|2, 52|2, 53|2, 54|2, 55|3, 56|2, 57|2, 58|2, 59|2, 60|2, 61|2, 62|2
entitl:38|1
entreprenn:6|1, 9|1, 10|1, 12|1, 13|1, 14|1, 15|1, 16|1, 19|1, 22|1, 25|1, 29|1, 43|1, 60|1, 61|1, 62|1
entrer:6|1, 9|1, 10|1, 12|1, 13|1, 14|1, 15|1, 16|1, 19|1, 22|1, 25|1, 29|1, 43|1, 60|1, 61|1, 62|1
environ:1|1, 8|1, 11|1, 27|1, 55|1
epitaxi:6|1, 9|1, 10|1, 12|1, 13|1, 14|1, 15|1, 16|1, 19|1, 22|1, 25|1, 29|1, 38|2, 43|1, 60|1, 61|1, 62|1
equip:5|1, 17|1, 20|1, 23|1, 39|1, 59|1
equival:41|1
error:1|1, 3|1, 4|1, 5|1, 6|1, 7|1, 8|1, 10|1, 11|1, 12|1, 13|1, 14|1, 15|1, 18|1, 19|1, 20|1, 21|1, 22|1, 23|1, 24|1, 29|1, 30|1, 31|1, 32|1, 33|1, 35|1, 42|1, 43|1, 44|1, 45|1, 46|1, 48|1, 49|1, 51|1, 52|1, 53|1, 54|1, 55|1, 56|1, 57|1, 58|1, 59|1, 60|1, 61|1, 62|1
essenti:1|1, 8|1, 11|1, 27|1, 55|1
est:6|5, 9|5, 10|5, 12|5, 13|5, 14|5, 15|5, 16|5, 19|5, 22|5, 25|5, 29|5, 43|5, 60|5, 61|5, 62|5
establish:4|1, 18|1, 21|1, 28|1, 56|1
et:4|1, 6|15, 9|15, 10|15, 12|15, 13|15, 14|15, 15|15, 16|15, 18|1, 19|15, 21|1, 22|15, 25|15, 28|1, 29|15, 43|15, 56|1, 60|15, 61|15, 62|15
europ:1|1, 4|1, 8|1, 11|1, 18|1, 21|1, 27|1, 28|1, 55|1, 56|1
evalu:4|2, 5|1, 6|2, 9|2, 10|2, 12|2, 13|2, 14|2, 15|2, 16|2, 17|1, 18|2, 19|2, 20|1, 21|2, 22|2, 23|1, 25|2, 28|2, 29|2, 40|4, 43|2, 56|2, 59|1, 60|2, 61|2, 62|2
event:1|1, 2|1, 3|1, 4|2, 5|1, 6|2, 7|1, 8|1, 9|2, 10|2, 11|1, 12|2, 13|2, 14|2, 15|2, 16|2, 17|1, 18|2, 19|2, 20|1, 21|2, 22|2, 23|1, 24|1, 25|2, 26|1, 27|1, 28|2, 29|2, 30|1, 31|1, 32|1, 33|1, 34|1, 35|1, 36|1, 37|1, 38|1, 39|2, 40|2, 41|2, 42|1, 43|2, 44|1, 45|1, 46|1, 47|1, 48|1, 49|1, 50|1, 51|1, 52|1, 53|1, 54|1, 55|1, 56|2, 57|1, 58|1, 59|1, 60|2, 61|2, 62|2
ever:1|1, 8|1, 11|1, 27|1, 55|1
everi:5|1, 6|1, 9|1, 10|1, 12|1, 13|1, 14|1, 15|1, 16|1, 17|1, 19|1, 20|1, 22|1, 23|1, 25|1, 29|1, 43|1, 59|1, 60|1, 61|1, 62|1
everywher:1|1, 8|1, 11|1, 27|1, 55|1
evolv:5|1, 17|1, 20|1, 23|1, 59|1
examin:41|1
excel:1|1, 8|1, 11|1, 27|1, 55|1
except:1|2, 8|2, 11|2, 27|2, 32|1, 33|1, 35|1, 47|1, 52|1, 55|2
execut:4|3, 18|3, 21|3, 28|3, 56|3
experi:1|2, 2|1, 3|1, 4|1, 8|2, 11|2, 18|1, 21|1, 27|2, 28|1, 39|1, 44|1, 48|1, 55|2, 56|1, 57|1
expertis:1|1, 8|1, 11|1, 27|1, 32|1, 33|1, 35|1, 47|1, 52|1, 55|1
explor:1|1, 4|1, 8|1, 11|1, 18|1, 21|1, 27|1, 28|1, 41|2, 55|1, 56|1
extens:6|2, 9|2, 10|2, 12|2, 13|2, 14|2, 15|2, 16|2, 19|2, 22|2, 25|2, 29|2, 43|2, 60|2, 61|2, 62|2
extern:4|1, 18|1, 21|1, 28|1, 36|1, 37|1, 38|1, 39|1, 41|1, 56|1
fabric:41|3
facet:5|1, 17|1, 20|1, 23|1, 59|1
facil:4|2, 7|2, 18|2, 21|2, 28|2, 34|2, 46|2, 53|2, 56|2, 58|2
fact:1|1, 8|1, 11|1, 27|1, 55|1
faculti:1|4, 2|4, 3|4, 4|4, 5|5, 6|8, 7|4, 8|4, 9|8, 10|8, 11|4, 12|8, 13|8, 14|8, 15|8, 16|8, 17|5, 18|4, 19|8, 20|5, 21|4, 22|8, 23|5, 24|4, 25|8, 26|4, 27|4, 28|4, 29|8, 30|4, 31|4, 32|5, 33|5, 34|4, 35|5, 36|5, 37|6, 38|5, 39|5, 40|5, 41|5, 42|4, 43|8, 44|4, 45|4, 46|4, 47|5, 48|4, 49|4, 50|4, 51|4, 52|5, 53|4, 54|4, 55|4, 56|4, 57|4, 58|4, 59|5, 60|8, 61|8, 62|8
faculté:6|1, 9|1, 10|1, 12|1, 13|1, 14|1, 15|1, 16|1, 19|1, 22|1, 25|1, 29|1, 43|1, 60|1, 61|1, 62|1
familiar:39|1
faq:1|1, 2|1, 3|1, 4|1, 5|1, 6|1, 7|1, 8|1, 9|1, 10|1, 11|1, 12|1, 13|1, 14|1, 15|1, 16|1, 17|1, 18|1, 19|1, 20|1, 21|1, 22|1, 23|1, 24|1, 25|1, 26|1, 27|1, 28|1, 29|1, 30|1, 31|1, 32|1, 33|1, 34|1, 35|1, 36|1, 37|1, 38|1, 39|1, 40|1, 41|1, 42|1, 43|1, 44|1, 45|1, 46|1, 47|1, 48|1, 49|1, 50|1, 51|1, 52|1, 53|1, 54|1, 55|1, 56|1, 57|1, 58|1, 59|1, 60|1, 61|1, 62|1
fax:1|1, 2|1, 3|1, 4|1, 5|1, 6|1, 7|4, 8|1, 9|1, 10|1, 11|1, 12|1, 13|1, 14|1, 15|1, 16|1, 17|1, 18|1, 19|1, 20|1, 21|1, 22|1, 23|1, 24|1, 25|1, 26|1, 27|1, 28|1, 29|1, 30|1, 31|1, 32|1, 33|1, 34|4, 35|1, 36|1, 37|1, 38|1, 39|1, 40|1, 41|1, 42|1, 43|1, 44|1, 45|1, 46|4, 47|1, 48|1, 49|1, 50|1, 51|1, 52|1, 53|4, 54|1, 55|1, 56|1, 57|1, 58|4, 59|1, 60|1, 61|1, 62|1
fee:1|1, 2|1, 3|1, 4|1, 5|1, 6|1, 7|1, 8|1, 9|1, 10|1, 11|1, 12|1, 13|1, 14|1, 15|1, 16|1, 17|1, 18|1, 19|1, 20|1, 21|1, 22|1, 23|1, 24|1, 25|1, 26|1, 27|1, 28|1, 29|1, 30|1, 31|1, 32|1, 33|1, 34|1, 35|1, 36|1, 37|1, 38|1, 39|1, 40|1, 41|1, 42|1, 43|1, 44|1, 45|1, 46|1, 47|1, 48|1, 49|1, 50|1, 51|1, 52|1, 53|1, 54|1, 55|1, 56|1, 57|1, 58|1, 59|1, 60|1, 61|1, 62|1
feel:1|1, 8|1, 11|1, 27|1, 55|1
fellow:4|3, 18|3, 21|3, 28|3, 56|3
fiber:6|1, 9|1, 10|1, 12|1, 13|1, 14|1, 15|1, 16|1, 19|1, 22|1, 25|1, 29|1, 43|1, 60|1, 61|1, 62|1
fibr:5|1, 17|1, 20|1, 23|1, 59|1
field:1|1, 8|1, 11|1, 27|1, 55|1
fill:1|1, 8|1, 11|1, 27|1, 55|1
final:39|1
financi:1|2, 2|1, 3|1, 4|1, 5|1, 6|1, 7|1, 8|2, 9|1, 10|1, 11|2, 12|1, 13|1, 14|1, 15|1, 16|1, 17|1, 18|1, 19|1, 20|1, 21|1, 22|1, 23|1, 24|1, 25|1, 26|1, 27|2, 28|1, 29|1, 30|1, 31|1, 32|1, 33|1, 34|1, 35|1, 36|1, 37|1, 38|1, 39|1, 40|1, 41|1, 42|1, 43|1, 44|1, 45|1, 46|1, 47|1, 48|1, 49|1, 50|1, 51|1, 52|1, 53|1, 54|1, 55|2, 56|1, 57|1, 58|1, 59|1, 60|1, 61|1, 62|1
financé:6|1, 9|1, 10|1, 12|1, 13|1, 14|1, 15|1, 16|1, 19|1, 22|1, 25|1, 29|1, 43|1, 60|1, 61|1, 62|1
find:4|1, 18|1, 21|1, 28|1, 56|1
firm:1|2, 4|1, 8|2, 11|2, 18|1, 21|1, 27|2, 28|1, 55|2, 56|1
first:1|1, 8|1, 11|1, 27|1, 55|1
five:4|1, 18|1, 21|1, 28|1, 56|1
flagstaff:38|1
flicker:6|1, 9|1, 10|1, 12|1, 13|1, 14|1, 15|1, 16|1, 19|1, 22|1, 25|1, 29|1, 39|8, 43|1, 60|1, 61|1, 62|1
floor:7|1, 34|1, 46|1, 53|1, 58|1
flow:36|1, 39|1
fluctuat:39|1
focu:26|1, 30|1, 31|1, 37|1, 51|1, 54|1
focus:4|1, 18|1, 21|1, 28|1, 39|1, 56|1
follow:4|1, 18|1, 21|1, 28|1, 39|1, 41|1, 56|1
fond:4|1, 18|1, 21|1, 28|1, 56|1
form:5|1, 17|1, 20|1, 23|1, 59|1
foster:1|1, 8|1, 11|1, 27|1, 55|1
found:5|1, 17|1, 20|1, 23|1, 59|1
foundat:1|2, 4|1, 8|2, 11|2, 18|1, 21|1, 27|2, 28|1, 55|2, 56|1
four:1|1, 6|1, 8|1, 9|1, 10|1, 11|1, 12|1, 13|1, 14|1, 15|1, 16|1, 19|1, 22|1, 25|1, 27|1, 29|1, 43|1, 55|1, 60|1, 61|1, 62|1
fourni:6|1, 9|1, 10|1, 12|1, 13|1, 14|1, 15|1, 16|1, 19|1, 22|1, 25|1, 29|1, 43|1, 60|1, 61|1, 62|1
fourth:1|1, 8|1, 11|1, 27|1, 55|1
fqrnt:4|1, 18|1, 21|1, 28|1, 56|1
francoi:36|1
françoi:6|1, 9|1, 10|1, 12|1, 13|1, 14|1, 15|1, 16|1, 19|1, 22|1, 25|1, 29|1, 36|4, 43|1, 60|1, 61|1, 62|1
frequenc:39|1
friday:7|2, 34|2, 46|2, 53|2, 58|2
friend:1|1, 8|1, 11|1, 27|1, 55|1
friendli:6|1, 9|1, 10|1, 12|1, 13|1, 14|1, 15|1, 16|1, 19|1, 22|1, 25|1, 29|1, 43|1, 60|1, 61|1, 62|1
full:36|1
fun:2|1, 3|1, 44|1, 48|1, 57|1
function:4|1, 5|1, 17|1, 18|1, 20|1, 21|1, 23|1, 28|1, 56|1, 59|1
fund:4|1, 6|1, 9|1, 10|1, 12|1, 13|1, 14|1, 15|1, 16|1, 18|1, 19|1, 21|1, 22|1, 25|1, 28|1, 29|1, 43|1, 56|1, 60|1, 61|1, 62|1
fundament:4|1, 18|1, 21|1, 28|1, 56|1
furthermor:41|2
futur:4|1, 6|1, 9|1, 10|1, 12|1, 13|1, 14|1, 15|1, 16|1, 18|1, 19|1, 21|1, 22|1, 25|1, 28|1, 29|1, 43|1, 56|1, 60|1, 61|1, 62|1
gain:1|1, 8|1, 11|1, 27|1, 55|1
game:5|1, 17|1, 20|1, 23|1, 59|1
gave:4|1, 18|1, 21|1, 28|1, 56|1
gener:4|1, 5|2, 7|1, 17|2, 18|1, 20|2, 21|1, 23|2, 28|1, 34|1, 36|1, 39|7, 46|1, 53|1, 56|1, 58|1, 59|2
genuin:1|1, 8|1, 11|1, 27|1, 55|1
get:6|1, 9|1, 10|1, 12|1, 13|1, 14|1, 15|1, 16|1, 19|1, 22|1, 25|1, 29|1, 43|1, 60|1, 61|1, 62|1
geza:39|1
give:2|1, 3|1, 4|1, 18|1, 21|1, 28|1, 44|1, 48|1, 56|1, 57|1
given:36|1, 39|2
glass:4|1, 18|1, 21|1, 28|1, 56|1
globe:1|1, 8|1, 11|1, 27|1, 55|1
go:1|1, 8|1, 11|1, 27|1, 55|1
goal:1|1, 4|1, 8|1, 11|1, 18|1, 21|1, 27|1, 28|1, 55|1, 56|1
google':1|1, 8|1, 11|1, 27|1, 55|1
gouvern:6|1, 9|1, 10|1, 12|1, 13|1, 14|1, 15|1, 16|1, 19|1, 22|1, 25|1, 29|1, 43|1, 60|1, 61|1, 62|1
govern:1|1, 2|1, 3|1, 4|2, 5|1, 6|2, 7|1, 8|1, 9|2, 10|2, 11|1, 12|2, 13|2, 14|2, 15|2, 16|2, 17|1, 18|2, 19|2, 20|1, 21|2, 22|2, 23|1, 24|1, 25|2, 26|1, 27|1, 28|2, 29|2, 30|1, 31|1, 32|1, 33|1, 34|1, 35|1, 36|1, 37|1, 38|1, 39|1, 40|1, 41|1, 42|1, 43|2, 44|1, 45|1, 46|1, 47|1, 48|1, 49|1, 50|1, 51|1, 52|1, 53|1, 54|1, 55|1, 56|2, 57|1, 58|1, 59|1, 60|2, 61|2, 62|2
grad:7|1, 34|1, 39|1, 41|1, 46|1, 53|1, 58|1
graduat:1|6, 6|3, 7|2, 8|6, 9|3, 10|3, 11|6, 12|3, 13|3, 14|3, 15|3, 16|3, 19|3, 22|3, 25|3, 26|1, 27|6, 29|3, 30|1, 31|1, 32|1, 33|1, 34|2, 35|1, 38|1, 39|1, 41|1, 43|3, 46|2, 47|1, 51|1, 52|1, 53|2, 54|1, 55|6, 58|2, 60|3, 61|3, 62|3
gradué:6|1, 9|1, 10|1, 12|1, 13|1, 14|1, 15|1, 16|1, 19|1, 22|1, 25|1, 29|1, 43|1, 60|1, 61|1, 62|1
grand:6|1, 9|1, 10|1, 12|1, 13|1, 14|1, 15|1, 16|1, 19|1, 22|1, 25|1, 29|1, 43|1, 60|1, 61|1, 62|1
grant:4|1, 18|1, 21|1, 28|1, 56|1
gratifiant:6|1, 9|1, 10|1, 12|1, 13|1, 14|1, 15|1, 16|1, 19|1, 22|1, 25|1, 29|1, 43|1, 60|1, 61|1, 62|1
grid:39|2
groceri:5|1, 17|1, 20|1, 23|1, 59|1
group:1|1, 4|4, 6|2, 8|1, 9|2, 10|2, 11|1, 12|2, 13|2, 14|2, 15|2, 16|2, 18|4, 19|2, 21|4, 22|2, 25|2, 27|1, 28|4, 29|2, 43|2, 55|1, 56|4, 60|2, 61|2, 62|2
growth:4|1, 18|1, 21|1, 28|1, 56|1
génie:6|7, 9|7, 10|7, 12|7, 13|7, 14|7, 15|7, 16|7, 19|7, 22|7, 25|7, 29|7, 43|7, 60|7, 61|7, 62|7
h:4|2, 18|2, 21|2, 28|2, 56|2
h3a:1|1, 2|1, 3|1, 4|1, 5|1, 6|1, 7|4, 8|1, 9|1, 10|1, 11|1, 12|1, 13|1, 14|1, 15|1, 16|1, 17|1, 18|1, 19|1, 20|1, 21|1, 22|1, 23|1, 24|1, 25|1, 26|1, 27|1, 28|1, 29|1, 30|1, 31|1, 32|1, 33|1, 34|4, 35|1, 36|1, 37|1, 38|1, 39|2, 40|1, 41|2, 42|1, 43|1, 44|1, 45|1, 46|4, 47|1, 48|1, 49|1, 50|1, 51|1, 52|1, 53|4, 54|1, 55|1, 56|1, 57|1, 58|4, 59|1, 60|1, 61|1, 62|1
halifax:41|1
hamoui:4|2, 18|2, 21|2, 28|2, 41|1, 56|2
haptic:4|1, 18|1, 21|1, 28|1, 56|1
hardwar:5|2, 6|2, 9|2, 10|2, 12|2, 13|2, 14|2, 15|2, 16|2, 17|2, 19|2, 20|2, 22|2, 23|2, 25|2, 29|2, 43|2, 59|2, 60|2, 61|2, 62|2
harvard:1|2, 8|2, 11|2, 27|2, 55|2
haul:6|1, 9|1, 10|1, 12|1, 13|1, 14|1, 15|1, 16|1, 19|1, 22|1, 25|1, 29|1, 43|1, 60|1, 61|1, 62|1
hayward:4|3, 18|3, 21|3, 28|3, 56|3
health:4|3, 5|1, 17|1, 18|3, 20|1, 21|3, 23|1, 28|3, 56|3, 59|1
heart:2|1, 3|1, 44|1, 48|1, 57|1
held:38|1
help:6|1, 9|1, 10|1, 12|1, 13|1, 14|1, 15|1, 16|1, 19|1, 22|1, 25|1, 29|1, 43|1, 60|1, 61|1, 62|1
henc:41|1
hesit:6|1, 9|1, 10|1, 12|1, 13|1, 14|1, 15|1, 16|1, 19|1, 22|1, 25|1, 29|1, 43|1, 60|1, 61|1, 62|1
high-resolut:41|4
high-tech:5|1, 17|1, 20|1, 23|1, 59|1
higher:6|1, 9|1, 10|1, 12|1, 13|1, 14|1, 15|1, 16|1, 19|1, 22|1, 25|1, 29|1, 43|1, 60|1, 61|1, 62|1
hold:4|1, 18|1, 21|1, 28|1, 56|1
holiday:7|1, 34|1, 46|1, 53|1, 58|1
home:1|3, 2|3, 3|3, 4|3, 5|4, 6|4, 7|3, 8|3, 9|4, 10|4, 11|3, 12|4, 13|4, 14|4, 15|4, 16|4, 17|4, 18|3, 19|4, 20|4, 21|3, 22|4, 23|4, 24|3, 25|4, 26|3, 27|3, 28|3, 29|4, 30|3, 31|3, 32|3, 33|3, 34|3, 35|3, 36|4, 37|4, 38|4, 39|4, 40|4, 41|4, 42|3, 43|4, 44|3, 45|3, 46|3, 47|3, 48|3, 49|3, 50|3, 51|3, 52|3, 53|3, 54|3, 55|3, 56|3, 57|3, 58|3, 59|4, 60|4, 61|4, 62|4
homecom:1|1, 4|3, 8|1, 11|1, 18|3, 21|3, 27|1, 28|3, 55|1, 56|3
honor:4|3, 18|3, 21|3, 28|3, 56|3
honour:1|1, 6|2, 8|1, 9|2, 10|2, 11|1, 12|2, 13|2, 14|2, 15|2, 16|2, 19|2, 22|2, 25|2, 26|1, 27|1, 29|2, 30|1, 31|1, 43|2, 51|1, 54|1, 55|1, 60|2, 61|2, 62|2
hope:6|1, 9|1, 10|1, 12|1, 13|1, 14|1, 15|1, 16|1, 19|1, 22|1, 25|1, 29|1, 43|1, 60|1, 61|1, 62|1
hospit:5|1, 17|1, 20|1, 23|1, 59|1
hour:7|4, 34|4, 46|4, 53|4, 58|4
huge:1|1, 8|1, 11|1, 27|1, 55|1
human:1|1, 2|1, 3|1, 4|1, 5|1, 6|1, 7|1, 8|1, 9|1, 10|1, 11|1, 12|1, 13|1, 14|1, 15|1, 16|1, 17|1, 18|1, 19|1, 20|1, 21|1, 22|1, 23|1, 24|1, 25|1, 26|1, 27|1, 28|1, 29|1, 30|1, 31|1, 32|1, 33|1, 34|1, 35|1, 36|1, 37|1, 38|1, 39|1, 40|1, 41|1, 42|1, 43|1, 44|1, 45|1, 46|1, 47|1, 48|1, 49|1, 50|1, 51|1, 52|1, 53|1, 54|1, 55|1, 56|1, 57|1, 58|1, 59|1, 60|1, 61|1, 62|1
ice:1|1, 8|1, 11|1, 27|1, 55|1
identif:36|1
iec:39|1
ieee:4|10, 18|10, 21|10, 28|10, 36|4, 56|10
image-guid:6|1, 9|1, 10|1, 12|1, 13|1, 14|1, 15|1, 16|1, 19|1, 22|1, 25|1, 29|1, 43|1, 60|1, 61|1, 62|1
imagin:1|1, 5|1, 8|1, 11|1, 17|1, 20|1, 23|1, 27|1, 55|1, 59|1
impact:4|1, 18|1, 21|1, 28|1, 39|3, 56|1
implement:6|1, 9|1, 10|1, 12|1, 13|1, 14|1, 15|1, 16|1, 19|1, 22|1, 25|1, 29|1, 41|3, 43|1, 60|1, 61|1, 62|1
import:1|1, 2|1, 3|1, 4|2, 5|1, 6|1, 7|1, 8|1, 9|1, 10|1, 11|1, 12|1, 13|1, 14|1, 15|1, 16|1, 17|1, 18|2, 19|1, 20|1, 21|2, 22|1, 23|1, 24|1, 25|1, 26|1, 27|1, 28|2, 29|1, 30|1, 31|1, 32|1, 33|1, 34|1, 35|1, 36|1, 37|1, 38|1, 39|1, 40|1, 41|1, 42|1, 43|1, 44|1, 45|1, 46|1, 47|1, 48|1, 49|1, 50|1, 51|1, 52|1, 53|1, 54|1, 55|1, 56|2, 57|1, 58|1, 59|1, 60|1, 61|1, 62|1
imposs:5|1, 17|1, 20|1, 23|1, 59|1
impress:1|1, 8|1, 11|1, 27|1, 55|1
improv:4|1, 18|1, 21|1, 28|1, 56|1
inc:4|1, 18|1, 21|1, 28|1, 56|1
incluant:6|1, 9|1, 10|1, 12|1, 13|1, 14|1, 15|1, 16|1, 19|1, 22|1, 25|1, 29|1, 43|1, 60|1, 61|1, 62|1
includ:1|1, 4|2, 6|3, 8|1, 9|3, 10|3, 11|1, 12|3, 13|3, 14|3, 15|3, 16|3, 18|2, 19|3, 21|2, 22|3, 25|3, 27|1, 28|2, 29|3, 43|3, 55|1, 56|2, 60|3, 61|3, 62|3
increas:39|2
increasingli:41|1
incred:1|1, 8|1, 11|1, 27|1, 55|1
independ:39|1
indic:41|1
industri:1|6, 2|1, 3|1, 4|5, 5|7, 6|3, 7|1, 8|6, 9|3, 10|3, 11|6, 12|3, 13|3, 14|3, 15|3, 16|3, 17|7, 18|5, 19|3, 20|7, 21|5, 22|3, 23|7, 24|1, 25|3, 26|1, 27|6, 28|5, 29|3, 30|1, 31|1, 32|1, 33|1, 34|1, 35|1, 36|1, 37|1, 38|1, 39|1, 40|1, 41|1, 42|1, 43|3, 44|1, 45|1, 46|1, 47|1, 48|1, 49|1, 50|1, 51|1, 52|1, 53|1, 54|1, 55|6, 56|5, 57|1, 58|1, 59|7, 60|3, 61|3, 62|3
inform:1|4, 2|3, 3|3, 4|2, 5|5, 6|2, 7|2, 8|4, 9|2, 10|2, 11|4, 12|2, 13|2, 14|2, 15|2, 16|2, 17|5, 18|2, 19|2, 20|5, 21|2, 22|2, 23|5, 24|2, 25|2, 26|2, 27|4, 28|2, 29|2, 30|2, 31|2, 32|2, 33|2, 34|2, 35|2, 36|3, 37|3, 38|2, 39|3, 40|2, 41|3, 42|2, 43|2, 44|3, 45|2, 46|2, 47|2, 48|3, 49|2, 50|2, 51|2, 52|2, 53|2, 54|2, 55|4, 56|2, 57|3, 58|2, 59|5, 60|2, 61|2, 62|2
informatiqu:6|3, 9|3, 10|3, 12|3, 13|3, 14|3, 15|3, 16|3, 19|3, 22|3, 25|3, 29|3, 43|3, 60|3, 61|3, 62|3
initi:4|1, 18|1, 21|1, 28|1, 56|1
inject:39|1
inn:38|1
innov:1|2, 2|1, 3|1, 4|2, 5|1, 6|2, 7|1, 8|2, 9|2, 10|2, 11|2, 12|2, 13|2, 14|2, 15|2, 16|2, 17|1, 18|2, 19|2, 20|1, 21|2, 22|2, 23|1, 24|1, 25|2, 26|1, 27|2, 28|2, 29|2, 30|1, 31|1, 32|1, 33|1, 34|1, 35|1, 36|1, 37|1, 38|1, 39|1, 40|1, 41|1, 42|1, 43|2, 44|1, 45|1, 46|1, 47|1, 48|1, 49|1, 50|1, 51|1, 52|1, 53|1, 54|1, 55|2, 56|2, 57|1, 58|1, 59|1, 60|2, 61|2, 62|2
input:41|1
inquiri:6|1, 9|1, 10|1, 12|1, 13|1, 14|1, 15|1, 16|1, 19|1, 22|1, 25|1, 29|1, 43|1, 60|1, 61|1, 62|1
instal:5|1, 17|1, 20|1, 23|1, 39|2, 59|1
institut:4|3, 6|1, 9|1, 10|1, 12|1, 13|1, 14|1, 15|1, 16|1, 18|3, 19|1, 21|3, 22|1, 25|1, 28|3, 29|1, 43|1, 56|3, 60|1, 61|1, 62|1
instructor:40|1
integr:4|2, 6|2, 9|2, 10|2, 12|2, 13|2, 14|2, 15|2, 16|2, 18|2, 19|2, 21|2, 22|2, 24|2, 25|2, 28|2, 29|2, 39|3, 42|2, 43|2, 45|2, 49|2, 50|2, 56|2, 60|2, 61|2, 62|2
intellectu:6|1, 9|1, 10|1, 12|1, 13|1, 14|1, 15|1, 16|1, 19|1, 22|1, 25|1, 29|1, 43|1, 60|1, 61|1, 62|1
intellectuel:6|1, 9|1, 10|1, 12|1, 13|1, 14|1, 15|1, 16|1, 19|1, 22|1, 25|1, 29|1, 43|1, 60|1, 61|1, 62|1
intellig:4|1, 18|1, 21|1, 24|2, 28|1, 42|2, 45|2, 49|2, 50|2, 56|1
intens:39|1
inter-c:6|1, 9|1, 10|1, 12|1, 13|1, 14|1, 15|1, 16|1, 19|1, 22|1, 25|1, 29|1, 43|1, 60|1, 61|1, 62|1
inter-chip:6|1, 9|1, 10|1, 12|1, 13|1, 14|1, 15|1, 16|1, 19|1, 22|1, 25|1, 29|1, 43|1, 60|1, 61|1, 62|1
inter-faculti:32|1, 33|1, 35|1, 47|1, 52|1
inter-institut:32|1, 33|1, 35|1, 47|1, 52|1
interact:1|2, 8|2, 11|2, 27|2, 55|2
interdisciplinari:4|1, 18|1, 21|1, 28|1, 32|1, 33|1, 35|1, 47|1, 52|1, 56|1
interest:4|3, 18|3, 21|3, 28|3, 56|3
interfac:4|2, 5|1, 17|1, 18|2, 20|1, 21|2, 23|1, 28|2, 41|1, 56|2, 59|1
intermitt:39|1
intern:4|7, 6|2, 9|2, 10|2, 12|2, 13|2, 14|2, 15|2, 16|2, 18|7, 19|2, 21|7, 22|2, 25|2, 28|7, 29|2, 32|1, 33|1, 35|1, 38|2, 43|2, 47|1, 52|1, 56|7, 60|2, 61|2, 62|2
internally-linear:41|1
internet:5|1, 6|1, 9|1, 10|1, 12|1, 13|1, 14|1, 15|1, 16|1, 17|1, 19|1, 20|1, 22|1, 23|1, 25|1, 29|1, 43|1, 59|1, 60|1, 61|1, 62|1
internship:1|2, 4|1, 8|2, 11|2, 18|1, 21|1, 27|2, 28|1, 55|2, 56|1
invalu:1|1, 8|1, 11|1, 27|1, 55|1
invent:4|1, 18|1, 21|1, 28|1, 56|1
invest:1|1, 8|1, 11|1, 27|1, 55|1
investig:4|1, 18|1, 21|1, 28|1, 41|3, 56|1
invit:37|1
ishiang:4|1, 18|1, 21|1, 28|1, 56|1
isscc:4|1, 18|1, 21|1, 28|1, 56|1
issu:36|1
item:5|1, 17|1, 20|1, 23|1, 59|1
iye:1|1, 8|1, 11|1, 27|1, 55|1
j'espèr:6|1, 9|1, 10|1, 12|1, 13|1, 14|1, 15|1, 16|1, 19|1, 22|1, 25|1, 29|1, 43|1, 60|1, 61|1, 62|1
jahanbani:6|1, 9|1, 10|1, 12|1, 13|1, 14|1, 15|1, 16|1, 19|1, 22|1, 25|1, 29|1, 36|2, 43|1, 60|1, 61|1, 62|1
job:1|2, 8|2, 11|2, 27|2, 55|2
joe:4|1, 18|1, 21|1, 28|1, 56|1
join:1|1, 2|1, 3|1, 8|1, 11|1, 27|1, 44|1, 48|1, 55|1, 57|1
joint:1|3, 8|3, 11|3, 27|3, 55|3
joo:39|1
joseph:4|2, 18|2, 21|2, 28|2, 56|2
key:4|1, 18|1, 21|1, 28|1, 56|1
keyword:1|2, 2|1, 3|2, 4|2, 5|2, 6|2, 7|2, 8|2, 9|1, 10|2, 11|2, 12|2, 13|2, 14|2, 15|2, 16|1, 17|1, 18|2, 19|2, 20|2, 21|2, 22|2, 23|2, 24|2, 25|1, 26|1, 27|1, 28|1, 29|2, 30|2, 31|2, 32|2, 33|2, 34|1, 35|2, 36|1, 37|1, 38|1, 39|1, 40|1, 41|1, 42|2, 43|2, 44|2, 45|2, 46|2, 47|1, 48|2, 49|2, 50|1, 51|2, 52|2, 53|2, 54|2, 55|2, 56|2, 57|2, 58|2, 59|2, 60|2, 61|2, 62|2
khz:41|1
kirk:6|2, 9|2, 10|2, 12|2, 13|2, 14|2, 15|2, 16|2, 19|2, 22|2, 25|2, 29|2, 37|1, 43|2, 60|2, 61|2, 62|2
know-how:1|1, 8|1, 11|1, 27|1, 55|1
knowledg:4|2, 18|2, 21|2, 28|2, 56|2
l:6|3, 9|3, 10|3, 12|3, 13|3, 14|3, 15|3, 16|3, 19|3, 22|3, 25|3, 29|3, 43|3, 60|3, 61|3, 62|3
l'industri:6|2, 9|2, 10|2, 12|2, 13|2, 14|2, 15|2, 16|2, 19|2, 22|2, 25|2, 29|2, 43|2, 60|2, 61|2, 62|2
la:4|2, 6|7, 9|7, 10|7, 12|7, 13|7, 14|7, 15|7, 16|7, 18|2, 19|7, 21|2, 22|7, 25|7, 28|2, 29|7, 43|7, 56|2, 60|7, 61|7, 62|7
lab:4|3, 6|1, 7|2, 9|1, 10|1, 12|1, 13|1, 14|1, 15|1, 16|1, 18|3, 19|1, 21|3, 22|1, 25|1, 28|3, 29|1, 34|2, 43|1, 46|2, 53|2, 56|3, 58|2, 60|1, 61|1, 62|1
labeau:41|1
laboratori:4|1, 18|1, 21|1, 28|1, 56|1
land:1|1, 8|1, 11|1, 27|1, 55|1
largement:6|1, 9|1, 10|1, 12|1, 13|1, 14|1, 15|1, 16|1, 19|1, 22|1, 25|1, 29|1, 43|1, 60|1, 61|1, 62|1
last:32|1, 33|1, 35|1, 36|1, 37|1, 38|1, 39|1, 40|1, 41|1, 47|1, 52|1
later:4|1, 18|1, 21|1, 28|1, 56|1
law:1|2, 8|2, 11|2, 27|2, 55|2
le:4|1, 6|8, 9|8, 10|8, 12|8, 13|8, 14|8, 15|8, 16|8, 18|1, 19|8, 21|1, 22|8, 25|8, 28|1, 29|8, 38|3, 43|8, 56|1, 60|8, 61|8, 62|8
le-ngoc:6|1, 9|1, 10|1, 12|1, 13|1, 14|1, 15|1, 16|1, 19|1, 22|1, 25|1, 29|1, 43|1, 60|1, 61|1, 62|1
lead:6|1, 9|1, 10|1, 12|1, 13|1, 14|1, 15|1, 16|1, 19|1, 22|1, 25|1, 29|1, 43|1, 60|1, 61|1, 62|1
leader:32|1, 33|1, 35|1, 47|1, 52|1
leadership:1|1, 4|2, 8|1, 11|1, 18|2, 21|2, 27|1, 28|2, 55|1, 56|2
learn:1|3, 2|2, 3|2, 4|1, 5|1, 6|3, 7|1, 8|3, 9|3, 10|3, 11|3, 12|3, 13|3, 14|3, 15|3, 16|3, 17|1, 18|1, 19|3, 20|1, 21|1, 22|3, 23|1, 24|1, 25|3, 26|1, 27|3, 28|1, 29|3, 30|1, 31|1, 32|1, 33|1, 34|1, 35|1, 36|1, 37|1, 38|1, 39|1, 40|1, 41|1, 42|1, 43|3, 44|2, 45|1, 46|1, 47|1, 48|2, 49|1, 50|1, 51|1, 52|1, 53|1, 54|1, 55|3, 56|1, 57|2, 58|1, 59|1, 60|3, 61|3, 62|3
least:1|1, 3|1, 4|1, 5|1, 6|1, 7|1, 8|1, 10|1, 11|1, 12|1, 13|1, 14|1, 15|1, 18|1, 19|1, 20|1, 21|1, 22|1, 23|1, 24|1, 29|1, 30|1, 31|1, 32|1, 33|1, 35|1, 42|1, 43|1, 44|1, 45|1, 46|1, 48|1, 49|1, 51|1, 52|1, 53|1, 54|1, 55|1, 56|1, 57|1, 58|1, 59|1, 60|1, 61|1, 62|1
led:1|1, 8|1, 11|1, 27|1, 55|1
left:6|1, 9|1, 10|1, 12|1, 13|1, 14|1, 15|1, 16|1, 19|1, 22|1, 25|1, 29|1, 43|1, 60|1, 61|1, 62|1
length:6|1, 9|1, 10|1, 12|1, 13|1, 14|1, 15|1, 16|1, 19|1, 22|1, 25|1, 29|1, 43|1, 60|1, 61|1, 62|1
leur:6|1, 9|1, 10|1, 12|1, 13|1, 14|1, 15|1, 16|1, 19|1, 22|1, 25|1, 29|1, 43|1, 60|1, 61|1, 62|1
level:1|1, 4|1, 6|1, 8|1, 9|1, 10|1, 11|1, 12|1, 13|1, 14|1, 15|1, 16|1, 18|1, 19|1, 21|1, 22|1, 25|1, 27|1, 28|1, 29|1, 39|4, 43|1, 55|1, 56|1, 60|1, 61|1, 62|1
librari:1|2, 2|2, 3|2, 4|2, 5|2, 6|2, 7|2, 8|2, 9|2, 10|2, 11|2, 12|2, 13|2, 14|2, 15|2, 16|2, 17|2, 18|2, 19|2, 20|2, 21|2, 22|2, 23|2, 24|2, 25|2, 26|2, 27|2, 28|2, 29|2, 30|2, 31|2, 32|2, 33|2, 34|2, 35|2, 36|2, 37|2, 38|2, 39|2, 40|2, 41|2, 42|2, 43|2, 44|2, 45|2, 46|2, 47|2, 48|2, 49|2, 50|2, 51|2, 52|2, 53|2, 54|2, 55|2, 56|2, 57|2, 58|2, 59|2, 60|2, 61|2, 62|2
lie:4|1, 18|1, 21|1, 28|1, 56|1
life:1|2, 2|7, 3|7, 4|2, 5|4, 6|3, 7|2, 8|2, 9|3, 10|3, 11|2, 12|3, 13|3, 14|3, 15|3, 16|3, 17|4, 18|2, 19|3, 20|4, 21|2, 22|3, 23|4, 24|2, 25|3, 26|2, 27|2, 28|2, 29|3, 30|2, 31|2, 32|2, 33|2, 34|2, 35|2, 36|2, 37|2, 38|2, 39|2, 40|2, 41|2, 42|2, 43|3, 44|7, 45|2, 46|2, 47|2, 48|7, 49|2, 50|2, 51|2, 52|2, 53|2, 54|2, 55|2, 56|2, 57|7, 58|2, 59|4, 60|3, 61|3, 62|3
light:39|1
lighter:4|1, 18|1, 21|1, 28|1, 56|1
limit:1|2, 8|2, 11|2, 27|2, 41|1, 55|2
line:5|1, 17|1, 20|1, 23|1, 59|1
link:1|1, 2|1, 3|1, 4|1, 5|1, 6|3, 7|1, 8|1, 9|3, 10|3, 11|1, 12|3, 13|3, 14|3, 15|3, 16|3, 17|1, 18|1, 19|3, 20|1, 21|1, 22|3, 23|1, 24|1, 25|3, 26|1, 27|1, 28|1, 29|3, 30|1, 31|1, 32|1, 33|1, 34|1, 35|1, 36|1, 37|1, 38|1, 39|1, 40|1, 41|1, 42|1, 43|3, 44|1, 45|1, 46|1, 47|1, 48|1, 49|1, 50|1, 51|1, 52|1, 53|1, 54|1, 55|1, 56|1, 57|1, 58|1, 59|1, 60|3, 61|3, 62|3
linkedin:1|1, 8|1, 11|1, 27|1, 55|1
liquid:4|1, 18|1, 21|1, 28|1, 56|1
list:32|1, 33|1, 35|1, 47|1, 52|1
live:1|1, 2|1, 3|1, 6|1, 8|1, 9|1, 10|1, 11|1, 12|1, 13|1, 14|1, 15|1, 16|1, 19|1, 22|1, 25|1, 27|1, 29|1, 43|1, 44|1, 48|1, 55|1, 57|1, 60|1, 61|1, 62|1
lié:6|1, 9|1, 10|1, 12|1, 13|1, 14|1, 15|1, 16|1, 19|1, 22|1, 25|1, 29|1, 43|1, 60|1, 61|1, 62|1
llp:1|1, 8|1, 11|1, 27|1, 55|1
local:4|1, 5|1, 17|1, 18|1, 20|1, 21|1, 23|1, 28|1, 56|1, 59|1
locat:2|1, 3|1, 6|1, 7|2, 9|1, 10|1, 12|1, 13|1, 14|1, 15|1, 16|1, 19|1, 22|1, 25|1, 29|1, 34|2, 43|1, 44|1, 46|2, 48|1, 53|2, 57|1, 58|2, 60|1, 61|1, 62|1
log-domain:6|1, 9|1, 10|1, 12|1, 13|1, 14|1, 15|1, 16|1, 19|1, 22|1, 25|1, 29|1, 41|15, 43|1, 60|1, 61|1, 62|1
logiciel:6|2, 9|2, 10|2, 12|2, 13|2, 14|2, 15|2, 16|2, 19|2, 22|2, 25|2, 29|2, 43|2, 60|2, 61|2, 62|2
long:1|1, 6|1, 8|1, 9|1, 10|1, 11|1, 12|1, 13|1, 14|1, 15|1, 16|1, 19|1, 22|1, 25|1, 27|1, 29|1, 43|1, 55|1, 60|1, 61|1, 62|1
look:2|1, 3|1, 44|1, 48|1, 57|1
loop-filt:41|2
low:4|1, 18|1, 21|1, 28|1, 39|2, 56|1
low-distort:41|3
low-nois:41|2
low-pow:6|1, 9|1, 10|1, 12|1, 13|1, 14|1, 15|1, 16|1, 19|1, 22|1, 25|1, 29|1, 41|5, 43|1, 60|1, 61|1, 62|1
low-suppli:41|1
low-to-medium:41|1
low-voltag:41|1
loyal:1|1, 8|1, 11|1, 27|1, 55|1
m:6|1, 9|1, 10|1, 12|1, 13|1, 14|1, 15|1, 16|1, 19|1, 22|1, 25|1, 29|1, 32|1, 33|1, 35|1, 43|1, 47|1, 52|1, 60|1, 61|1, 62|1
machin:4|1, 18|1, 21|1, 28|1, 56|1
made:4|1, 5|1, 17|1, 18|1, 20|1, 21|1, 23|1, 28|1, 38|1, 39|1, 56|1, 59|1
main:1|1, 2|1, 3|1, 4|1, 5|1, 6|2, 7|1, 8|1, 9|2, 10|2, 11|1, 12|2, 13|2, 14|2, 15|2, 16|2, 17|1, 18|1, 19|2, 20|1, 21|1, 22|2, 23|1, 24|1, 25|2, 26|1, 27|1, 28|1, 29|2, 30|1, 31|1, 32|1, 33|1, 34|1, 35|1, 36|1, 37|1, 38|1, 39|1, 40|1, 41|1, 42|1, 43|2, 44|1, 45|1, 46|1, 47|1, 48|1, 49|1, 50|1, 51|1, 52|1, 53|1, 54|1, 55|1, 56|1, 57|1, 58|1, 59|1, 60|2, 61|2, 62|2
maintain:4|1, 5|1, 17|1, 18|1, 20|1, 21|1, 23|1, 28|1, 41|1, 56|1, 59|1
mainten:1|1, 2|1, 3|1, 4|1, 5|1, 6|1, 7|1, 8|1, 9|1, 10|1, 11|1, 12|1, 13|1, 14|1, 15|1, 16|1, 17|1, 18|1, 19|1, 20|1, 21|1, 22|1, 23|1, 24|1, 25|1, 26|1, 27|1, 28|1, 29|1, 30|1, 31|1, 32|1, 33|1, 34|1, 35|1, 36|1, 37|1, 38|1, 39|1, 40|1, 41|1, 42|1, 43|1, 44|1, 45|1, 46|1, 47|1, 48|1, 49|1, 50|1, 51|1, 52|1, 53|1, 54|1, 55|1, 56|1, 57|1, 58|1, 59|1, 60|1, 61|1, 62|1
major:6|1, 9|1, 10|1, 12|1, 13|1, 14|1, 15|1, 16|1, 19|1, 22|1, 25|1, 29|1, 43|1, 60|1, 61|1, 62|1
make:4|1, 5|1, 6|1, 9|1, 10|1, 12|1, 13|1, 14|1, 15|1, 16|1, 17|1, 18|1, 19|1, 20|1, 21|1, 22|1, 23|1, 25|1, 28|1, 29|1, 43|1, 56|1, 59|1, 60|1, 61|1, 62|1
manag:1|2, 6|2, 8|2, 9|2, 10|2, 11|2, 12|2, 13|2, 14|2, 15|2, 16|2, 19|2, 22|2, 25|2, 27|2, 29|2, 39|1, 43|2, 55|2, 60|2, 61|2, 62|2
manageri:4|1, 18|1, 21|1, 28|1, 56|1
mani:1|2, 4|5, 5|2, 6|1, 8|2, 9|1, 10|1, 11|2, 12|1, 13|1, 14|1, 15|1, 16|1, 17|2, 18|5, 19|1, 20|2, 21|5, 22|1, 23|2, 25|1, 27|2, 28|5, 29|1, 43|1, 55|2, 56|5, 59|2, 60|1, 61|1, 62|1
manipul:4|1, 18|1, 21|1, 28|1, 56|1
manufactur:4|1, 5|2, 17|2, 18|1, 20|2, 21|1, 23|2, 28|1, 56|1, 59|2
map:1|1, 2|1, 3|1, 4|1, 5|1, 6|1, 7|1, 8|1, 9|1, 10|1, 11|1, 12|1, 13|1, 14|1, 15|1, 16|1, 17|1, 18|1, 19|1, 20|1, 21|1, 22|1, 23|1, 24|1, 25|1, 26|1, 27|1, 28|1, 29|1, 30|1, 31|1, 32|1, 33|1, 34|1, 35|1, 36|1, 37|1, 38|1, 39|1, 40|1, 41|1, 42|1, 43|1, 44|1, 45|1, 46|1, 47|1, 48|1, 49|1, 50|1, 51|1, 52|1, 53|1, 54|1, 55|1, 56|1, 57|1, 58|1, 59|1, 60|1, 61|1, 62|1
marguerit:39|1, 41|1
mark:4|1, 18|1, 21|1, 28|1, 56|1
master:26|1, 30|1, 31|1, 51|1, 54|1
master':1|1, 8|1, 11|1, 27|1, 55|1
match:41|1
materi:4|2, 18|2, 21|2, 24|2, 28|2, 42|2, 45|2, 49|2, 50|2, 56|2
mathemat:5|1, 17|1, 20|1, 23|1, 26|1, 30|1, 31|1, 51|1, 54|1, 59|1
matter:6|1, 9|1, 10|1, 12|1, 13|1, 14|1, 15|1, 16|1, 19|1, 22|1, 25|1, 29|1, 40|1, 43|1, 60|1, 61|1, 62|1
mayer:4|2, 18|2, 21|2, 28|2, 56|2
mba:1|2, 8|2, 11|2, 27|2, 55|2
mbe:6|1, 9|1, 10|1, 12|1, 13|1, 14|1, 15|1, 16|1, 19|1, 22|1, 25|1, 29|1, 38|2, 43|1, 60|1, 61|1, 62|1
mcconnel:1|1, 2|1, 3|1, 4|1, 5|1, 6|1, 7|4, 8|1, 9|1, 10|1, 11|1, 12|1, 13|1, 14|1, 15|1, 16|1, 17|1, 18|1, 19|1, 20|1, 21|1, 22|1, 23|1, 24|1, 25|1, 26|1, 27|1, 28|1, 29|1, 30|1, 31|1, 32|1, 33|1, 34|4, 35|1, 36|1, 37|1, 38|1, 39|2, 40|1, 41|2, 42|1, 43|1, 44|1, 45|1, 46|4, 47|1, 48|1, 49|1, 50|1, 51|1, 52|1, 53|4, 54|1, 55|1, 56|1, 57|1, 58|4, 59|1, 60|1, 61|1, 62|1
mcgill:1|20, 2|9, 3|9, 4|14, 5|8, 6|8, 7|12, 8|20, 9|8, 10|8, 11|20, 12|8, 13|8, 14|8, 15|8, 16|8, 17|8, 18|14, 19|8, 20|8, 21|14, 22|8, 23|8, 24|8, 25|8, 26|8, 27|20, 28|14, 29|8, 30|8, 31|8, 32|12, 33|12, 34|12, 35|12, 36|9, 37|10, 38|9, 39|10, 40|8, 41|11, 42|8, 43|8, 44|9, 45|8, 46|12, 47|12, 48|9, 49|8, 50|8, 51|8, 52|12, 53|12, 54|8, 55|20, 56|14, 57|9, 58|12, 59|8, 60|8, 61|8, 62|8
mcgill':1|1, 2|1, 3|1, 8|1, 11|1, 27|1, 44|1, 48|1, 55|1, 57|1
mcgillca:1|1, 2|1, 3|1, 4|1, 5|1, 6|1, 7|1, 8|1, 9|1, 10|1, 11|1, 12|1, 13|1, 14|1, 15|1, 16|1, 17|1, 18|1, 19|1, 20|1, 21|1, 22|1, 23|1, 24|1, 25|1, 26|1, 27|1, 28|1, 29|1, 30|1, 31|1, 32|1, 33|1, 34|1, 35|1, 42|1, 43|1, 44|1, 45|1, 46|1, 47|1, 48|1, 49|1, 50|1, 51|1, 52|1, 53|1, 54|1, 55|1, 56|1, 57|1, 58|1, 59|1, 60|1, 61|1, 62|1
mckinsey:1|1, 8|1, 11|1, 27|1, 55|1
mechan:4|2, 18|2, 21|2, 28|2, 56|2
medic:4|2, 18|2, 21|2, 28|2, 56|2
medium:39|1
meet:1|1, 4|1, 5|1, 8|1, 11|1, 17|1, 18|1, 20|1, 21|1, 23|1, 27|1, 28|1, 36|1, 39|1, 41|1, 55|1, 56|1, 59|1
member:4|4, 6|3, 9|3, 10|3, 12|3, 13|3, 14|3, 15|3, 16|3, 18|4, 19|3, 21|4, 22|3, 25|3, 28|4, 29|3, 43|3, 56|4, 60|3, 61|3, 62|3
membr:6|1, 9|1, 10|1, 12|1, 13|1, 14|1, 15|1, 16|1, 19|1, 22|1, 25|1, 29|1, 43|1, 60|1, 61|1, 62|1
meng:41|1
mentor:1|2, 8|2, 11|2, 27|2, 55|2
mercuri:40|1
messag:1|1, 3|1, 4|1, 5|1, 6|1, 7|1, 8|1, 10|1, 11|1, 12|1, 13|1, 14|1, 15|1, 18|1, 19|1, 20|1, 21|1, 22|1, 23|1, 24|1, 29|1, 30|1, 31|1, 32|1, 33|1, 35|1, 42|1, 43|1, 44|1, 45|1, 46|1, 48|1, 49|1, 51|1, 52|1, 53|1, 54|1, 55|1, 56|1, 57|1, 58|1, 59|1, 60|1, 61|1, 62|1
met:4|1, 18|1, 21|1, 28|1, 56|1
method:6|2, 9|2, 10|2, 12|2, 13|2, 14|2, 15|2, 16|2, 19|2, 22|2, 25|2, 29|2, 41|1, 43|2, 60|2, 61|2, 62|2
mg-dope:38|1
mi:6|1, 9|1, 10|1, 12|1, 13|1, 14|1, 15|1, 16|1, 19|1, 22|1, 25|1, 29|1, 38|1, 43|1, 60|1, 61|1, 62|1
miam:4|1, 18|1, 21|1, 28|1, 56|1
micro:4|2, 18|2, 21|2, 28|2, 56|2
microchip:5|1, 17|1, 20|1, 23|1, 59|1
microelectron:4|2, 18|2, 21|2, 28|2, 56|2
microélectroniqu:4|1, 18|1, 21|1, 28|1, 56|1
middl:1|1, 8|1, 11|1, 27|1, 55|1
mieux:6|1, 9|1, 10|1, 12|1, 13|1, 14|1, 15|1, 16|1, 19|1, 22|1, 25|1, 29|1, 43|1, 60|1, 61|1, 62|1
minerva:1|1, 2|1, 3|1, 4|1, 5|1, 6|1, 7|1, 8|1, 9|1, 10|1, 11|1, 12|1, 13|1, 14|1, 15|1, 16|1, 17|1, 18|1, 19|1, 20|1, 21|1, 22|1, 23|1, 24|1, 25|1, 26|1, 27|1, 28|1, 29|1, 30|1, 31|1, 32|1, 33|1, 34|1, 35|1, 36|1, 37|1, 38|1, 39|1, 40|3, 41|1, 42|1, 43|1, 44|1, 45|1, 46|1, 47|1, 48|1, 49|1, 50|1, 51|1, 52|1, 53|1, 54|1, 55|1, 56|1, 57|1, 58|1, 59|1, 60|1, 61|1, 62|1
minim:41|1
mission:4|1, 5|1, 6|2, 9|2, 10|2, 12|2, 13|2, 14|2, 15|2, 16|2, 17|1, 18|1, 19|2, 20|1, 21|1, 22|2, 23|1, 25|2, 28|1, 29|2, 43|2, 56|1, 59|1, 60|2, 61|2, 62|2
mitig:6|1, 9|1, 10|1, 12|1, 13|1, 14|1, 15|1, 16|1, 19|1, 22|1, 25|1, 29|1, 39|3, 43|1, 60|1, 61|1, 62|1
mm:41|1
moataz:6|1, 9|1, 10|1, 12|1, 13|1, 14|1, 15|1, 16|1, 19|1, 22|1, 25|1, 29|1, 39|3, 43|1, 60|1, 61|1, 62|1
mobil:5|1, 17|1, 20|1, 23|1, 59|1
model:39|1, 41|1
modif:39|1
modifi:39|1
modul:6|1, 9|1, 10|1, 12|1, 13|1, 14|1, 15|1, 16|1, 19|1, 22|1, 25|1, 29|1, 41|14, 43|1, 60|1, 61|1, 62|1
moham:6|1, 9|1, 10|1, 12|1, 13|1, 14|1, 15|1, 16|1, 19|1, 22|1, 25|1, 29|1, 41|3, 43|1, 60|1, 61|1, 62|1
molecular:6|1, 9|1, 10|1, 12|1, 13|1, 14|1, 15|1, 16|1, 19|1, 22|1, 25|1, 29|1, 38|2, 43|1, 60|1, 61|1, 62|1
monday:7|2, 34|2, 46|2, 53|2, 58|2
mondial:6|1, 9|1, 10|1, 12|1, 13|1, 14|1, 15|1, 16|1, 19|1, 22|1, 25|1, 29|1, 43|1, 60|1, 61|1, 62|1
montreal:1|2, 2|4, 3|4, 4|2, 5|1, 6|4, 7|4, 8|2, 9|4, 10|4, 11|2, 12|4, 13|4, 14|4, 15|4, 16|4, 17|1, 18|2, 19|4, 20|1, 21|2, 22|4, 23|1, 24|1, 25|4, 26|1, 27|2, 28|2, 29|4, 30|1, 31|1, 32|1, 33|1, 34|4, 35|1, 36|1, 37|1, 38|1, 39|2, 40|1, 41|3, 42|1, 43|4, 44|4, 45|1, 46|4, 47|1, 48|4, 49|1, 50|1, 51|1, 52|1, 53|4, 54|1, 55|2, 56|2, 57|4, 58|4, 59|1, 60|4, 61|4, 62|4
montréal:6|1, 9|1, 10|1, 12|1, 13|1, 14|1, 15|1, 16|1, 19|1, 22|1, 25|1, 29|1, 43|1, 60|1, 61|1, 62|1
mourad:4|1, 18|1, 21|1, 28|1, 56|1
move:1|1, 8|1, 11|1, 27|1, 55|1
movement:4|1, 18|1, 21|1, 28|1, 56|1
mr:4|1, 6|3, 9|3, 10|3, 12|3, 13|3, 14|3, 15|3, 16|3, 18|1, 19|3, 21|1, 22|3, 25|3, 28|1, 29|3, 38|3, 39|2, 41|2, 43|3, 56|1, 60|3, 61|3, 62|3
ms:39|1, 41|1
much:1|1, 8|1, 11|1, 27|1, 55|1
mui:4|3, 18|3, 21|3, 28|3, 56|3
multibit:6|1, 9|1, 10|1, 12|1, 13|1, 14|1, 15|1, 16|1, 19|1, 22|1, 25|1, 29|1, 41|7, 43|1, 60|1, 61|1, 62|1
multicultur:6|1, 9|1, 10|1, 12|1, 13|1, 14|1, 15|1, 16|1, 19|1, 22|1, 25|1, 29|1, 43|1, 60|1, 61|1, 62|1
multiculturel:6|1, 9|1, 10|1, 12|1, 13|1, 14|1, 15|1, 16|1, 19|1, 22|1, 25|1, 29|1, 43|1, 60|1, 61|1, 62|1
multidisciplinari:6|1, 9|1, 10|1, 12|1, 13|1, 14|1, 15|1, 16|1, 19|1, 22|1, 25|1, 29|1, 43|1, 60|1, 61|1, 62|1
multitud:6|1, 9|1, 10|1, 12|1, 13|1, 14|1, 15|1, 16|1, 19|1, 22|1, 25|1, 29|1, 43|1, 60|1, 61|1, 62|1
musallam:4|2, 18|2, 21|2, 28|2, 56|2
muscl:4|1, 18|1, 21|1, 28|1, 56|1
mw:41|1
mycours:1|1, 2|1, 3|1, 4|1, 5|1, 6|1, 7|1, 8|1, 9|1, 10|1, 11|1, 12|1, 13|1, 14|1, 15|1, 16|1, 17|1, 18|1, 19|1, 20|1, 21|1, 22|1, 23|1, 24|1, 25|1, 26|1, 27|1, 28|1, 29|1, 30|1, 31|1, 32|1, 33|1, 34|1, 35|1, 36|1, 37|1, 38|1, 39|1, 40|1, 41|1, 42|1, 43|1, 44|1, 45|1, 46|1, 47|1, 48|1, 49|1, 50|1, 51|1, 52|1, 53|1, 54|1, 55|1, 56|1, 57|1, 58|1, 59|1, 60|1, 61|1, 62|1
mymcgil:1|1, 2|1, 3|1, 4|1, 5|1, 6|1, 7|1, 8|1, 9|1, 10|1, 11|1, 12|1, 13|1, 14|1, 15|1, 16|1, 17|1, 18|1, 19|1, 20|1, 21|1, 22|1, 23|1, 24|1, 25|1, 26|1, 27|1, 28|1, 29|1, 30|1, 31|1, 32|1, 33|1, 34|1, 35|1, 36|1, 37|1, 38|1, 39|1, 40|1, 41|1, 42|1, 43|1, 44|1, 45|1, 46|1, 47|1, 48|1, 49|1, 50|1, 51|1, 52|1, 53|1, 54|1, 55|1, 56|1, 57|1, 58|1, 59|1, 60|1, 61|1, 62|1
métropol:6|1, 9|1, 10|1, 12|1, 13|1, 14|1, 15|1, 16|1, 19|1, 22|1, 25|1, 29|1, 43|1, 60|1, 61|1, 62|1
n'hésiterez:6|1, 9|1, 10|1, 12|1, 13|1, 14|1, 15|1, 16|1, 19|1, 22|1, 25|1, 29|1, 43|1, 60|1, 61|1, 62|1
nagesh:6|1, 9|1, 10|1, 12|1, 13|1, 14|1, 15|1, 16|1, 19|1, 22|1, 25|1, 29|1, 43|1, 60|1, 61|1, 62|1
name:4|1, 18|1, 21|1, 28|1, 56|1
nano:4|2, 18|2, 21|2, 28|2, 56|2
nano-electron:24|2, 42|2, 45|2, 49|2, 50|2
nanotech:4|2, 18|2, 21|2, 28|2, 56|2
nanotechnolog:4|1, 6|1, 9|1, 10|1, 12|1, 13|1, 14|1, 15|1, 16|1, 18|1, 19|1, 21|1, 22|1, 25|1, 28|1, 29|1, 38|1, 43|1, 56|1, 60|1, 61|1, 62|1
nanowir:38|1
nation:4|2, 6|2, 9|2, 10|2, 12|2, 13|2, 14|2, 15|2, 16|2, 18|2, 19|2, 21|2, 22|2, 25|2, 28|2, 29|2, 43|2, 56|2, 60|2, 61|2, 62|2
natur:4|1, 18|1, 21|1, 28|1, 56|1
navig:1|1, 2|2, 3|2, 4|1, 5|2, 6|2, 7|1, 8|1, 9|2, 10|2, 11|1, 12|2, 13|2, 14|2, 15|2, 16|2, 17|2, 18|1, 19|2, 20|2, 21|1, 22|2, 23|2, 24|2, 25|2, 26|2, 27|1, 28|1, 29|2, 30|2, 31|2, 32|2, 33|2, 34|1, 35|2, 36|1, 37|1, 38|1, 39|1, 40|1, 41|1, 42|2, 43|2, 44|2, 45|2, 46|1, 47|2, 48|2, 49|2, 50|2, 51|2, 52|2, 53|1, 54|2, 55|1, 56|1, 57|2, 58|1, 59|2, 60|2, 61|2, 62|2
nearli:4|1, 18|1, 21|1, 28|1, 56|1
necess:41|1
necessit:41|1
need:5|1, 6|1, 9|1, 10|1, 12|1, 13|1, 14|1, 15|1, 16|1, 17|1, 19|1, 20|1, 22|1, 23|1, 25|1, 29|1, 43|1, 59|1, 60|1, 61|1, 62|1
neg:39|1
nelli:4|1, 18|1, 21|1, 28|1, 56|1
network:1|1, 4|1, 5|1, 8|1, 11|1, 17|1, 18|1, 20|1, 21|1, 23|1, 27|1, 28|1, 39|5, 55|1, 56|1, 59|1
network-bas:39|1
neural:4|2, 18|2, 21|2, 28|2, 56|2
neurolog:6|1, 9|1, 10|1, 12|1, 13|1, 14|1, 15|1, 16|1, 19|1, 22|1, 25|1, 29|1, 43|1, 60|1, 61|1, 62|1
neurosurgeon:6|1, 9|1, 10|1, 12|1, 13|1, 14|1, 15|1, 16|1, 19|1, 22|1, 25|1, 29|1, 43|1, 60|1, 61|1, 62|1
neurosurgeri:6|1, 9|1, 10|1, 12|1, 13|1, 14|1, 15|1, 16|1, 19|1, 22|1, 25|1, 29|1, 43|1, 60|1, 61|1, 62|1
new:1|1, 2|1, 3|1, 4|6, 5|1, 6|1, 7|1, 8|1, 9|1, 10|1, 11|1, 12|1, 13|1, 14|1, 15|1, 16|1, 17|1, 18|6, 19|1, 20|1, 21|6, 22|1, 23|1, 24|1, 25|1, 26|1, 27|1, 28|6, 29|1, 30|1, 31|1, 32|1, 33|1, 34|1, 35|1, 36|1, 37|1, 38|1, 39|1, 40|1, 41|2, 42|1, 43|1, 44|1, 45|1, 46|1, 47|1, 48|1, 49|1, 50|1, 51|1, 52|1, 53|1, 54|1, 55|1, 56|6, 57|1, 58|1, 59|1, 60|1, 61|1, 62|1
newli:4|1, 18|1, 21|1, 28|1, 56|1
news:1|2, 2|1, 3|1, 4|2, 5|1, 6|2, 7|1, 8|2, 9|2, 10|2, 11|2, 12|2, 13|2, 14|2, 15|2, 16|2, 17|1, 18|2, 19|2, 20|1, 21|2, 22|2, 23|1, 24|1, 25|2, 26|1, 27|2, 28|2, 29|2, 30|1, 31|1, 32|1, 33|1, 34|1, 35|1, 36|2, 37|2, 38|2, 39|1, 40|1, 41|1, 42|1, 43|2, 44|1, 45|1, 46|1, 47|1, 48|1, 49|1, 50|1, 51|1, 52|1, 53|1, 54|1, 55|2, 56|2, 57|1, 58|1, 59|1, 60|2, 61|2, 62|2
niveau:6|2, 9|2, 10|2, 12|2, 13|2, 14|2, 15|2, 16|2, 19|2, 22|2, 25|2, 29|2, 43|2, 60|2, 61|2, 62|2
no:6|3, 9|3, 10|3, 12|3, 13|3, 14|3, 15|3, 16|3, 19|3, 22|3, 25|3, 29|3, 43|3, 60|3, 61|3, 62|3
nois:41|1
noise-optim:41|1
nombreux:6|1, 9|1, 10|1, 12|1, 13|1, 14|1, 15|1, 16|1, 19|1, 22|1, 25|1, 29|1, 43|1, 60|1, 61|1, 62|1
non-id:41|1
northwestern:32|1, 33|1, 35|1, 47|1, 52|1
note:7|1, 32|1, 33|1, 34|1, 35|1, 46|1, 47|1, 52|1, 53|1, 58|1
notr:6|6, 9|6, 10|6, 12|6, 13|6, 14|6, 15|6, 16|6, 19|6, 22|6, 25|6, 29|6, 43|6, 60|6, 61|6, 62|6
nou:6|1, 9|1, 10|1, 12|1, 13|1, 14|1, 15|1, 16|1, 19|1, 22|1, 25|1, 29|1, 43|1, 60|1, 61|1, 62|1
nov:6|1, 9|1, 10|1, 12|1, 13|1, 14|1, 15|1, 16|1, 19|1, 22|1, 25|1, 29|1, 40|1, 43|1, 60|1, 61|1, 62|1
novel:4|1, 18|1, 21|1, 28|1, 41|2, 56|1
novemb:36|1
now:1|3, 8|3, 11|3, 27|3, 55|3
nserc':4|1, 18|1, 21|1, 28|1, 56|1
nsf:4|1, 18|1, 21|1, 28|1, 56|1
numer:4|1, 18|1, 21|1, 28|1, 56|1
nurtur:1|1, 8|1, 11|1, 27|1, 55|1
object:39|1, 41|1
observ:7|1, 34|1, 46|1, 53|1, 58|1
obtain:1|1, 8|1, 11|1, 27|1, 55|1
oct:6|1, 9|1, 10|1, 12|1, 13|1, 14|1, 15|1, 16|1, 19|1, 22|1, 25|1, 29|1, 37|1, 43|1, 60|1, 61|1, 62|1
offer:1|1, 5|1, 6|2, 8|1, 9|2, 10|2, 11|1, 12|2, 13|2, 14|2, 15|2, 16|2, 17|1, 19|2, 20|1, 22|2, 23|1, 25|2, 26|3, 27|1, 29|2, 30|3, 31|3, 43|2, 51|3, 54|3, 55|1, 59|1, 60|2, 61|2, 62|2
offic:1|2, 2|1, 3|1, 4|2, 5|1, 6|1, 7|3, 8|2, 9|1, 10|1, 11|2, 12|1, 13|1, 14|1, 15|1, 16|1, 17|1, 18|2, 19|1, 20|1, 21|2, 22|1, 23|1, 24|1, 25|1, 26|1, 27|2, 28|2, 29|1, 30|1, 31|1, 32|1, 33|1, 34|3, 35|1, 36|2, 37|1, 38|1, 39|2, 40|1, 41|2, 42|1, 43|1, 44|1, 45|1, 46|3, 47|1, 48|1, 49|1, 50|1, 51|1, 52|1, 53|3, 54|1, 55|2, 56|2, 57|1, 58|3, 59|1, 60|1, 61|1, 62|1
offr:6|1, 9|1, 10|1, 12|1, 13|1, 14|1, 15|1, 16|1, 19|1, 22|1, 25|1, 29|1, 43|1, 60|1, 61|1, 62|1
offrent:6|1, 9|1, 10|1, 12|1, 13|1, 14|1, 15|1, 16|1, 19|1, 22|1, 25|1, 29|1, 43|1, 60|1, 61|1, 62|1
on-lin:5|1, 17|1, 20|1, 23|1, 59|1
one:1|1, 3|1, 4|5, 5|1, 6|2, 7|1, 8|1, 9|1, 10|2, 11|1, 12|2, 13|2, 14|2, 15|2, 16|1, 18|5, 19|2, 20|1, 21|5, 22|2, 23|1, 24|1, 25|1, 28|4, 29|2, 30|1, 31|1, 32|2, 33|2, 35|2, 42|1, 43|2, 44|1, 45|1, 46|1, 47|1, 48|1, 49|1, 51|1, 52|2, 53|1, 54|1, 55|1, 56|5, 57|1, 58|1, 59|1, 60|2, 61|2, 62|2
ongo:1|1, 8|1, 11|1, 27|1, 55|1
onlin:1|1, 8|1, 11|1, 27|1, 55|1
open:1|1, 5|1, 8|1, 11|1, 17|1, 20|1, 23|1, 27|1, 37|1, 55|1, 59|1
oper:4|2, 5|1, 17|1, 18|2, 20|1, 21|2, 23|1, 28|2, 39|2, 41|4, 56|2, 59|1
opportun:1|3, 2|1, 3|1, 4|1, 5|1, 6|2, 7|1, 8|3, 9|2, 10|2, 11|3, 12|2, 13|2, 14|2, 15|2, 16|2, 17|1, 18|1, 19|2, 20|1, 21|1, 22|2, 23|1, 24|1, 25|2, 26|1, 27|3, 28|1, 29|2, 30|1, 31|1, 32|1, 33|1, 34|1, 35|1, 36|1, 37|1, 38|1, 39|1, 40|1, 41|1, 42|1, 43|2, 44|1, 45|1, 46|1, 47|1, 48|1, 49|1, 50|1, 51|1, 52|1, 53|1, 54|1, 55|3, 56|1, 57|1, 58|1, 59|1, 60|2, 61|2, 62|2
optic:4|1, 5|1, 6|1, 9|1, 10|1, 12|1, 13|1, 14|1, 15|1, 16|1, 17|1, 18|1, 19|1, 20|1, 21|1, 22|1, 23|1, 25|1, 28|1, 29|1, 43|1, 56|1, 59|1, 60|1, 61|1, 62|1
optim:4|1, 18|1, 21|1, 28|1, 36|1, 56|1
option:2|1, 3|1, 44|1, 48|1, 57|1
order:38|1, 39|1
organ:1|1, 4|1, 8|1, 11|1, 18|1, 21|1, 27|1, 28|1, 55|1, 56|1
ou:6|1, 9|1, 10|1, 12|1, 13|1, 14|1, 15|1, 16|1, 19|1, 22|1, 25|1, 29|1, 43|1, 60|1, 61|1, 62|1
output:41|1
outsid:2|1, 3|1, 44|1, 48|1, 57|1
outstand:4|3, 6|1, 9|1, 10|1, 12|1, 13|1, 14|1, 15|1, 16|1, 18|3, 19|1, 21|3, 22|1, 25|1, 28|3, 29|1, 38|2, 43|1, 56|3, 60|1, 61|1, 62|1
overse:5|1, 17|1, 20|1, 23|1, 59|1
overview:4|1, 18|1, 21|1, 28|1, 56|1
p-type:38|1
pa:6|1, 9|1, 10|1, 12|1, 13|1, 14|1, 15|1, 16|1, 19|1, 22|1, 25|1, 29|1, 43|1, 60|1, 61|1, 62|1
page:1|3, 2|3, 3|3, 4|3, 5|3, 6|3, 7|3, 8|3, 9|3, 10|3, 11|3, 12|3, 13|3, 14|3, 15|3, 16|3, 17|3, 18|3, 19|3, 20|3, 21|3, 22|3, 23|3, 24|3, 25|3, 26|3, 27|3, 28|3, 29|3, 30|3, 31|3, 32|3, 33|3, 34|3, 35|3, 36|3, 37|3, 38|3, 39|3, 40|4, 41|3, 42|3, 43|3, 44|3, 45|3, 46|3, 47|3, 48|3, 49|3, 50|3, 51|3, 52|3, 53|3, 54|3, 55|3, 56|3, 57|3, 58|3, 59|3, 60|3, 61|3, 62|3
panel:4|2, 18|2, 21|2, 28|2, 56|2
paper:6|1, 9|1, 10|1, 12|1, 13|1, 14|1, 15|1, 16|1, 19|1, 22|1, 25|1, 29|1, 36|5, 43|1, 60|1, 61|1, 62|1
par:6|4, 9|4, 10|4, 12|4, 13|4, 14|4, 15|4, 16|4, 19|4, 22|4, 25|4, 29|4, 43|4, 60|4, 61|4, 62|4
parallel:4|1, 18|1, 21|1, 28|1, 56|1
paralyz:4|1, 18|1, 21|1, 28|1, 56|1
pari:1|1, 8|1, 11|1, 27|1, 55|1
part:4|1, 18|1, 21|1, 28|1, 56|1
particular:39|1, 41|1
partner:1|1, 8|1, 11|1, 27|1, 55|1
partnership:4|1, 18|1, 21|1, 28|1, 56|1
passion:1|1, 8|1, 11|1, 27|1, 55|1
patent:4|1, 18|1, 21|1, 28|1, 56|1
patient:4|2, 18|2, 21|2, 28|2, 56|2
pdf:5|3, 17|3, 20|3, 23|3, 59|3
pe:36|3
peer:5|1, 17|1, 20|1, 23|1, 59|1
penetr:39|1
penn:32|1, 33|1, 35|1, 47|1, 52|1
peopl:4|1, 18|1, 21|1, 28|1, 56|1
perform:4|1, 5|2, 17|2, 18|1, 20|2, 21|1, 23|2, 28|1, 41|2, 56|1, 59|2
person:1|1, 8|1, 11|1, 27|1, 55|1
personnel:1|1, 2|1, 3|1, 4|1, 5|1, 6|5, 7|1, 8|1, 9|5, 10|5, 11|1, 12|5, 13|5, 14|5, 15|5, 16|5, 17|1, 18|1, 19|5, 20|1, 21|1, 22|5, 23|1, 24|1, 25|5, 26|1, 27|1, 28|1, 29|5, 30|1, 31|1, 32|1, 33|1, 34|1, 35|1, 36|1, 37|1, 38|1, 39|1, 40|1, 41|1, 42|1, 43|5, 44|1, 45|1, 46|1, 47|1, 48|1, 49|1, 50|1, 51|1, 52|1, 53|1, 54|1, 55|1, 56|1, 57|1, 58|1, 59|1, 60|5, 61|5, 62|5
perspect:39|1
peter:1|1, 8|1, 11|1, 27|1, 55|1
phd:6|4, 9|4, 10|4, 12|4, 13|4, 14|4, 15|4, 16|4, 19|4, 22|4, 25|4, 26|1, 29|4, 30|1, 31|1, 36|2, 39|3, 41|3, 43|4, 51|1, 54|1, 60|4, 61|4, 62|4
philosophi:26|1, 30|1, 31|1, 51|1, 54|1
phone:5|1, 17|1, 20|1, 23|1, 36|1, 39|1, 41|1, 59|1
photo-:4|2, 18|2, 21|2, 28|2, 56|2
photon:24|2, 42|2, 45|2, 49|2, 50|2
place:4|1, 18|1, 21|1, 28|1, 32|1, 33|1, 35|1, 47|1, 52|1, 56|1
plan:1|1, 2|1, 3|1, 4|3, 5|1, 6|1, 7|1, 8|1, 9|1, 10|1, 11|1, 12|1, 13|1, 14|1, 15|1, 16|1, 17|1, 18|3, 19|1, 20|1, 21|3, 22|1, 23|1, 24|1, 25|1, 26|1, 27|1, 28|3, 29|1, 30|1, 31|1, 32|1, 33|1, 34|1, 35|1, 36|1, 37|1, 38|1, 39|4, 40|1, 41|1, 42|1, 43|1, 44|1, 45|1, 46|1, 47|1, 48|1, 49|1, 50|1, 51|1, 52|1, 53|1, 54|1, 55|1, 56|3, 57|1, 58|1, 59|1, 60|1, 61|1, 62|1
plant:6|2, 9|2, 10|2, 12|2, 13|2, 14|2, 15|2, 16|2, 19|2, 22|2, 25|2, 29|2, 43|2, 60|2, 61|2, 62|2
platform:4|1, 18|1, 21|1, 28|1, 39|1, 56|1
pleas:1|1, 3|1, 4|1, 5|4, 6|1, 7|3, 8|1, 10|1, 11|1, 12|1, 13|1, 14|1, 15|1, 17|3, 18|1, 19|1, 20|4, 21|1, 22|1, 23|4, 24|1, 29|1, 30|1, 31|1, 32|1, 33|1, 34|2, 35|1, 42|1, 43|1, 44|1, 45|1, 46|3, 48|1, 49|1, 51|1, 52|1, 53|3, 54|1, 55|1, 56|1, 57|1, 58|3, 59|4, 60|1, 61|1, 62|1
plenari:4|1, 18|1, 21|1, 28|1, 56|1
plu:6|2, 9|2, 10|2, 12|2, 13|2, 14|2, 15|2, 16|2, 19|2, 22|2, 25|2, 29|2, 43|2, 60|2, 61|2, 62|2
plupart:6|1, 9|1, 10|1, 12|1, 13|1, 14|1, 15|1, 16|1, 19|1, 22|1, 25|1, 29|1, 43|1, 60|1, 61|1, 62|1
pluridisciplinair:6|1, 9|1, 10|1, 12|1, 13|1, 14|1, 15|1, 16|1, 19|1, 22|1, 25|1, 29|1, 43|1, 60|1, 61|1, 62|1
pm:7|5, 34|5, 46|5, 53|5, 58|5
point:39|2
polici:4|1, 7|1, 18|1, 21|1, 28|1, 34|1, 46|1, 53|1, 56|1, 58|1
polym:4|2, 18|2, 21|2, 28|2, 56|2
popul:6|2, 9|2, 10|2, 12|2, 13|2, 14|2, 15|2, 16|2, 19|2, 22|2, 25|2, 29|2, 43|2, 60|2, 61|2, 62|2
portabl:41|1
posit:6|1, 9|1, 10|1, 12|1, 13|1, 14|1, 15|1, 16|1, 19|1, 22|1, 25|1, 29|1, 37|2, 43|1, 60|1, 61|1, 62|1
possibilité:6|1, 9|1, 10|1, 12|1, 13|1, 14|1, 15|1, 16|1, 19|1, 22|1, 25|1, 29|1, 43|1, 60|1, 61|1, 62|1
possibl:4|1, 5|1, 17|1, 18|1, 20|1, 21|1, 23|1, 28|1, 56|1, 59|1
potenti:6|1, 9|1, 10|1, 12|1, 13|1, 14|1, 15|1, 16|1, 19|1, 22|1, 25|1, 29|1, 43|1, 60|1, 61|1, 62|1
potentiel:6|1, 9|1, 10|1, 12|1, 13|1, 14|1, 15|1, 16|1, 19|1, 22|1, 25|1, 29|1, 43|1, 60|1, 61|1, 62|1
pour:6|3, 9|3, 10|3, 12|3, 13|3, 14|3, 15|3, 16|3, 19|3, 22|3, 25|3, 29|3, 43|3, 60|3, 61|3, 62|3
power:1|1, 5|3, 6|2, 8|1, 9|2, 10|2, 11|1, 12|2, 13|2, 14|2, 15|2, 16|2, 17|3, 19|2, 20|3, 22|2, 23|3, 24|2, 25|2, 27|1, 29|2, 36|5, 37|3, 39|12, 41|1, 42|2, 43|2, 45|2, 49|2, 50|2, 55|1, 59|3, 60|2, 61|2, 62|2
practic:4|2, 5|1, 17|1, 18|2, 20|1, 21|2, 23|1, 28|2, 41|1, 56|2, 59|1
premier:6|2, 9|2, 10|2, 12|2, 13|2, 14|2, 15|2, 16|2, 19|2, 22|2, 25|2, 29|2, 43|2, 60|2, 61|2, 62|2
present:1|1, 4|1, 6|1, 8|1, 9|1, 10|1, 11|1, 12|1, 13|1, 14|1, 15|1, 16|1, 18|1, 19|1, 21|1, 22|1, 25|1, 27|1, 28|1, 29|1, 38|3, 41|2, 43|1, 55|1, 56|1, 60|1, 61|1, 62|1
presid:4|1, 18|1, 21|1, 28|1, 56|1
pressur:1|1, 8|1, 11|1, 27|1, 55|1
prestigi:4|1, 18|1, 21|1, 28|1, 56|1
previous:41|2
princip:4|1, 18|1, 21|1, 28|1, 56|1
principaux:6|1, 9|1, 10|1, 12|1, 13|1, 14|1, 15|1, 16|1, 19|1, 22|1, 25|1, 29|1, 43|1, 60|1, 61|1, 62|1
principl:5|1, 6|2, 9|2, 10|2, 12|2, 13|2, 14|2, 15|2, 16|2, 17|1, 19|2, 20|1, 22|2, 23|1, 25|2, 29|2, 43|2, 59|1, 60|2, 61|2, 62|2
prix:6|1, 9|1, 10|1, 12|1, 13|1, 14|1, 15|1, 16|1, 19|1, 22|1, 25|1, 29|1, 43|1, 60|1, 61|1, 62|1
prize:6|1, 9|1, 10|1, 12|1, 13|1, 14|1, 15|1, 16|1, 19|1, 22|1, 25|1, 29|1, 36|2, 43|1, 60|1, 61|1, 62|1
problem:1|1, 4|1, 8|1, 11|1, 18|1, 21|1, 27|1, 28|1, 32|1, 33|1, 35|1, 39|1, 47|1, 52|1, 55|1, 56|1
procedur:4|1, 18|1, 21|1, 28|1, 56|1
process:4|2, 18|2, 21|2, 24|2, 28|2, 41|1, 42|2, 45|2, 49|2, 50|2, 56|2
produc:4|1, 18|1, 21|1, 28|1, 56|1
product:4|2, 18|2, 21|2, 28|2, 56|2
prof:4|2, 6|2, 9|2, 10|2, 12|2, 13|2, 14|2, 15|2, 16|2, 18|2, 19|2, 21|2, 22|2, 25|2, 28|2, 29|2, 36|3, 37|1, 38|1, 39|1, 41|3, 43|2, 56|2, 60|2, 61|2, 62|2
professeur:6|3, 9|3, 10|3, 12|3, 13|3, 14|3, 15|3, 16|3, 19|3, 22|3, 25|3, 29|3, 43|3, 60|3, 61|3, 62|3
profession:4|1, 5|1, 17|1, 18|1, 20|1, 21|1, 23|1, 28|1, 56|1, 59|1
professor:1|4, 4|10, 6|2, 8|4, 9|2, 10|2, 11|4, 12|2, 13|2, 14|2, 15|2, 16|2, 18|10, 19|2, 21|10, 22|2, 25|2, 27|4, 28|10, 29|2, 32|1, 33|1, 35|1, 37|1, 43|2, 47|1, 52|1, 55|4, 56|10, 60|2, 61|2, 62|2
professorship:4|1, 18|1, 21|1, 28|1, 56|1
program:1|4, 2|2, 3|2, 4|7, 5|3, 6|2, 7|4, 8|4, 9|2, 10|2, 11|4, 12|2, 13|2, 14|2, 15|2, 16|2, 17|3, 18|7, 19|2, 20|3, 21|7, 22|2, 23|3, 24|2, 25|2, 26|6, 27|4, 28|7, 29|2, 30|6, 31|6, 32|2, 33|2, 34|4, 35|2, 36|2, 37|2, 38|2, 39|2, 40|2, 41|2, 42|2, 43|2, 44|2, 45|2, 46|4, 47|2, 48|2, 49|2, 50|2, 51|6, 52|2, 53|4, 54|6, 55|4, 56|7, 57|2, 58|4, 59|3, 60|2, 61|2, 62|2
programm:5|1, 6|2, 9|2, 10|2, 12|2, 13|2, 14|2, 15|2, 16|2, 17|1, 19|2, 20|1, 22|2, 23|1, 25|2, 29|2, 43|2, 59|1, 60|2, 61|2, 62|2
project:1|4, 6|4, 8|4, 9|4, 10|4, 11|4, 12|4, 13|4, 14|4, 15|4, 16|4, 19|4, 22|4, 25|4, 27|4, 29|4, 43|4, 55|4, 60|4, 61|4, 62|4
projet:6|3, 9|3, 10|3, 12|3, 13|3, 14|3, 15|3, 16|3, 19|3, 22|3, 25|3, 29|3, 43|3, 60|3, 61|3, 62|3
promis:4|1, 18|1, 21|1, 28|1, 56|1
propos:39|4, 41|5
prospect:6|1, 9|1, 10|1, 12|1, 13|1, 14|1, 15|1, 16|1, 19|1, 22|1, 25|1, 29|1, 43|1, 60|1, 61|1, 62|1
prosthet:4|1, 18|1, 21|1, 28|1, 56|1
prototyp:41|2
prove:1|1, 8|1, 11|1, 27|1, 55|1
provid:1|1, 5|2, 8|1, 11|1, 17|2, 20|2, 23|2, 26|1, 27|1, 30|1, 31|1, 39|2, 51|1, 54|1, 55|1, 59|2
provinc:4|1, 18|1, 21|1, 28|1, 56|1
proxim:7|1, 34|1, 46|1, 53|1, 58|1
public:1|1, 2|1, 3|1, 4|1, 5|2, 6|1, 7|1, 8|1, 9|1, 10|1, 11|1, 12|1, 13|1, 14|1, 15|1, 16|1, 17|2, 18|1, 19|1, 20|2, 21|1, 22|1, 23|2, 24|1, 25|1, 26|1, 27|1, 28|1, 29|1, 30|1, 31|1, 32|1, 33|1, 34|1, 35|1, 36|1, 37|1, 38|1, 39|1, 40|1, 41|1, 42|1, 43|1, 44|1, 45|1, 46|1, 47|1, 48|1, 49|1, 50|1, 51|1, 52|1, 53|1, 54|1, 55|1, 56|1, 57|1, 58|1, 59|2, 60|1, 61|1, 62|1
publish:4|1, 6|3, 9|3, 10|3, 12|3, 13|3, 14|3, 15|3, 16|3, 18|1, 19|3, 21|1, 22|3, 25|3, 28|1, 29|3, 32|1, 33|1, 35|1, 36|2, 37|1, 38|1, 43|3, 47|1, 52|1, 56|1, 60|3, 61|3, 62|3
purpos:39|1
pursu:1|2, 8|2, 11|2, 27|2, 41|1, 55|2
qc:39|1, 41|1
qs:32|1, 33|1, 35|1, 47|1, 52|1
qualiti:4|1, 6|2, 9|2, 10|2, 12|2, 13|2, 14|2, 15|2, 16|2, 18|1, 19|2, 21|1, 22|2, 25|2, 28|1, 29|2, 32|1, 33|1, 35|1, 39|2, 43|2, 47|1, 52|1, 56|1, 60|2, 61|2, 62|2
qualité:6|2, 9|2, 10|2, 12|2, 13|2, 14|2, 15|2, 16|2, 19|2, 22|2, 25|2, 29|2, 43|2, 60|2, 61|2, 62|2
quantit:1|1, 8|1, 11|1, 27|1, 55|1
quantiz:41|3
quatr:6|1, 9|1, 10|1, 12|1, 13|1, 14|1, 15|1, 16|1, 19|1, 22|1, 25|1, 29|1, 43|1, 60|1, 61|1, 62|1
que:6|3, 9|3, 10|3, 12|3, 13|3, 14|3, 15|3, 16|3, 19|3, 22|3, 25|3, 29|3, 43|3, 60|3, 61|3, 62|3
quebec:1|1, 2|1, 3|1, 4|3, 5|1, 6|1, 7|4, 8|1, 9|1, 10|1, 11|1, 12|1, 13|1, 14|1, 15|1, 16|1, 17|1, 18|3, 19|1, 20|1, 21|3, 22|1, 23|1, 24|1, 25|1, 26|1, 27|1, 28|3, 29|1, 30|1, 31|1, 32|1, 33|1, 34|4, 35|1, 36|1, 37|1, 38|1, 39|1, 40|1, 41|1, 42|1, 43|1, 44|1, 45|1, 46|4, 47|1, 48|1, 49|1, 50|1, 51|1, 52|1, 53|4, 54|1, 55|1, 56|3, 57|1, 58|4, 59|1, 60|1, 61|1, 62|1
question:4|2, 6|1, 7|1, 9|1, 10|1, 12|1, 13|1, 14|1, 15|1, 16|1, 18|2, 19|1, 21|2, 22|1, 25|1, 28|2, 29|1, 34|1, 43|1, 46|1, 53|1, 56|2, 58|1, 60|1, 61|1, 62|1
qui:6|1, 9|1, 10|1, 12|1, 13|1, 14|1, 15|1, 16|1, 19|1, 22|1, 25|1, 29|1, 43|1, 60|1, 61|1, 62|1
quick:1|1, 2|1, 3|1, 4|1, 5|1, 6|1, 7|1, 8|1, 9|1, 10|1, 11|1, 12|1, 13|1, 14|1, 15|1, 16|1, 17|1, 18|1, 19|1, 20|1, 21|1, 22|1, 23|1, 24|1, 25|1, 26|1, 27|1, 28|1, 29|1, 30|1, 31|1, 32|1, 33|1, 34|1, 35|1, 36|1, 37|1, 38|1, 39|1, 40|1, 41|1, 42|1, 43|1, 44|1, 45|1, 46|1, 47|1, 48|1, 49|1, 50|1, 51|1, 52|1, 53|1, 54|1, 55|1, 56|1, 57|1, 58|1, 59|1, 60|1, 61|1, 62|1
québec:4|1, 18|1, 21|1, 28|1, 56|1
québécoi:4|1, 18|1, 21|1, 28|1, 56|1
r:1|1, 8|1, 11|1, 27|1, 39|1, 55|1
rang:4|2, 18|2, 21|2, 28|2, 56|2
rank:32|3, 33|3, 35|3, 37|1, 47|3, 52|3
rapidli:5|1, 17|1, 20|1, 23|1, 59|1
ratio:39|2
reach:1|1, 8|1, 11|1, 27|1, 55|1
reactance-to-resist:39|1
reactiv:39|3
reader:7|1, 34|1, 46|1, 53|1, 58|1
real-tim:39|1
realiti:1|1, 8|1, 11|1, 27|1, 55|1
realiz:41|2
receiv:1|1, 4|3, 6|1, 8|1, 9|1, 10|1, 11|1, 12|1, 13|1, 14|1, 15|1, 16|1, 18|3, 19|1, 21|3, 22|1, 25|1, 27|1, 28|3, 29|1, 38|2, 41|1, 43|1, 55|1, 56|3, 60|1, 61|1, 62|1
recent:1|1, 4|3, 8|1, 11|1, 18|3, 21|3, 27|1, 28|3, 55|1, 56|3
recept:7|2, 34|2, 46|2, 53|2, 58|2
recherch:4|1, 6|3, 9|3, 10|3, 12|3, 13|3, 14|3, 15|3, 16|3, 18|1, 19|3, 21|1, 22|3, 25|3, 28|1, 29|3, 43|3, 56|1, 60|3, 61|3, 62|3
recipi:4|2, 18|2, 21|2, 28|2, 56|2
recogn:4|1, 6|1, 9|1, 10|1, 12|1, 13|1, 14|1, 15|1, 16|1, 18|1, 19|1, 21|1, 22|1, 25|1, 28|1, 29|1, 43|1, 56|1, 60|1, 61|1, 62|1
recommend:4|1, 18|1, 21|1, 28|1, 56|1
reconnect:1|1, 8|1, 11|1, 27|1, 55|1
reconnu:6|2, 9|2, 10|2, 12|2, 13|2, 14|2, 15|2, 16|2, 19|2, 22|2, 25|2, 29|2, 43|2, 60|2, 61|2, 62|2
record:4|2, 18|2, 21|2, 28|2, 56|2
recruit:1|1, 8|1, 11|1, 27|1, 55|1
refer:5|3, 17|3, 20|3, 23|3, 59|3
region:4|2, 18|2, 21|2, 28|2, 56|2
regist:4|1, 18|1, 21|1, 28|1, 56|1
regroup:4|1, 18|1, 21|1, 28|1, 56|1
relat:1|2, 4|4, 6|1, 8|2, 9|1, 10|1, 11|2, 12|1, 13|1, 14|1, 15|1, 16|1, 18|4, 19|1, 21|4, 22|1, 25|1, 27|2, 28|4, 29|1, 36|1, 37|1, 38|1, 39|1, 40|1, 41|1, 43|1, 55|2, 56|4, 60|1, 61|1, 62|1
relationship:1|1, 8|1, 11|1, 27|1, 55|1
relev:6|2, 9|2, 10|2, 12|2, 13|2, 14|2, 15|2, 16|2, 19|2, 22|2, 25|2, 29|2, 43|2, 60|2, 61|2, 62|2
rend:6|1, 9|1, 10|1, 12|1, 13|1, 14|1, 15|1, 16|1, 19|1, 22|1, 25|1, 29|1, 43|1, 60|1, 61|1, 62|1
renew:39|1
replac:4|1, 18|1, 21|1, 28|1, 56|1
report:1|2, 2|1, 3|1, 4|1, 5|2, 6|1, 7|1, 8|2, 9|1, 10|1, 11|2, 12|1, 13|1, 14|1, 15|1, 16|1, 17|2, 18|1, 19|1, 20|2, 21|1, 22|1, 23|2, 24|1, 25|1, 26|1, 27|2, 28|1, 29|1, 30|1, 31|1, 32|1, 33|1, 34|1, 35|1, 36|1, 37|1, 38|1, 39|1, 40|1, 41|2, 42|1, 43|1, 44|1, 45|1, 46|1, 47|1, 48|1, 49|1, 50|1, 51|1, 52|1, 53|1, 54|1, 55|2, 56|1, 57|1, 58|1, 59|2, 60|1, 61|1, 62|1
reproduc:39|1
requir:26|1, 30|1, 31|1, 39|1, 41|2, 51|1, 54|1
research:1|6, 2|2, 3|2, 4|24, 5|5, 6|8, 7|3, 8|6, 9|8, 10|8, 11|6, 12|8, 13|8, 14|8, 15|8, 16|8, 17|5, 18|24, 19|8, 20|5, 21|24, 22|8, 23|5, 24|3, 25|8, 26|3, 27|6, 28|24, 29|8, 30|3, 31|3, 32|3, 33|3, 34|3, 35|3, 36|2, 37|2, 38|3, 39|3, 40|2, 41|4, 42|3, 43|8, 44|2, 45|3, 46|3, 47|3, 48|2, 49|3, 50|3, 51|3, 52|3, 53|3, 54|3, 55|6, 56|24, 57|2, 58|3, 59|5, 60|8, 61|8, 62|8
resmiq:4|1, 18|1, 21|1, 28|1, 56|1
resolut:6|1, 9|1, 10|1, 12|1, 13|1, 14|1, 15|1, 16|1, 19|1, 22|1, 25|1, 29|1, 41|1, 43|1, 60|1, 61|1, 62|1
resourc:1|4, 2|4, 3|4, 4|4, 5|4, 6|4, 7|4, 8|4, 9|4, 10|4, 11|4, 12|4, 13|4, 14|4, 15|4, 16|4, 17|4, 18|4, 19|4, 20|4, 21|4, 22|4, 23|4, 24|4, 25|4, 26|4, 27|4, 28|4, 29|4, 30|4, 31|4, 32|4, 33|4, 34|4, 35|4, 36|4, 37|4, 38|4, 39|5, 40|4, 41|4, 42|4, 43|4, 44|4, 45|4, 46|4, 47|4, 48|4, 49|4, 50|4, 51|4, 52|4, 53|4, 54|4, 55|4, 56|4, 57|4, 58|4, 59|4, 60|4, 61|4, 62|4
respond:6|1, 9|1, 10|1, 12|1, 13|1, 14|1, 15|1, 16|1, 19|1, 22|1, 25|1, 29|1, 43|1, 60|1, 61|1, 62|1
restrict:7|1, 34|1, 46|1, 53|1, 58|1
result:4|1, 18|1, 21|1, 28|1, 39|1, 41|1, 56|1
return:6|1, 9|1, 10|1, 12|1, 13|1, 14|1, 15|1, 16|1, 19|1, 22|1, 25|1, 29|1, 43|1, 60|1, 61|1, 62|1
review:5|1, 17|1, 20|1, 23|1, 59|1
reward:6|1, 9|1, 10|1, 12|1, 13|1, 14|1, 15|1, 16|1, 19|1, 22|1, 25|1, 29|1, 43|1, 60|1, 61|1, 62|1
right:6|1, 9|1, 10|1, 12|1, 13|1, 14|1, 15|1, 16|1, 19|1, 22|1, 25|1, 29|1, 43|1, 60|1, 61|1, 62|1
rigor:1|1, 4|1, 8|1, 11|1, 18|1, 21|1, 27|1, 28|1, 55|1, 56|1
robot:4|2, 5|1, 6|2, 9|2, 10|2, 12|2, 13|2, 14|2, 15|2, 16|2, 17|1, 18|2, 19|2, 20|1, 21|2, 22|2, 23|1, 25|2, 28|2, 29|2, 43|2, 56|2, 59|1, 60|2, 61|2, 62|2
robust:4|3, 18|3, 21|3, 28|3, 56|3
role:1|3, 4|1, 8|3, 11|3, 18|1, 21|1, 27|3, 28|1, 55|3, 56|1
room:1|1, 2|1, 3|1, 4|1, 5|1, 6|1, 7|2, 8|1, 9|1, 10|1, 11|1, 12|1, 13|1, 14|1, 15|1, 16|1, 17|1, 18|1, 19|1, 20|1, 21|1, 22|1, 23|1, 24|1, 25|1, 26|1, 27|1, 28|1, 29|1, 30|1, 31|1, 32|1, 33|1, 34|2, 35|1, 36|1, 37|1, 38|1, 39|2, 40|1, 41|2, 42|1, 43|1, 44|1, 45|1, 46|2, 47|1, 48|1, 49|1, 50|1, 51|1, 52|1, 53|2, 54|1, 55|1, 56|1, 57|1, 58|2, 59|1, 60|1, 61|1, 62|1
rue:39|1, 41|1
répondr:6|1, 9|1, 10|1, 12|1, 13|1, 14|1, 15|1, 16|1, 19|1, 22|1, 25|1, 29|1, 43|1, 60|1, 61|1, 62|1
s:1|1, 4|2, 5|1, 6|1, 8|1, 9|1, 10|1, 11|1, 12|1, 13|1, 14|1, 15|1, 16|1, 17|1, 18|2, 19|1, 20|1, 21|2, 22|1, 23|1, 25|1, 27|1, 28|2, 29|1, 32|1, 33|1, 35|1, 43|1, 47|1, 52|1, 55|1, 56|2, 59|1, 60|1, 61|1, 62|1
safeti:4|1, 18|1, 21|1, 28|1, 56|1
sam:4|2, 18|2, 21|2, 28|2, 56|2
sampl:39|1
san:6|1, 9|1, 10|1, 12|1, 13|1, 14|1, 15|1, 16|1, 19|1, 22|1, 25|1, 29|1, 43|1, 60|1, 61|1, 62|1
satellit:5|1, 17|1, 20|1, 23|1, 59|1
satisfi:39|1
savaria:41|1
say:1|1, 8|1, 11|1, 27|1, 55|1
scale:4|1, 6|1, 9|1, 10|1, 12|1, 13|1, 14|1, 15|1, 16|1, 18|1, 19|1, 21|1, 22|1, 25|1, 28|1, 29|1, 43|1, 56|1, 60|1, 61|1, 62|1
scan:5|1, 17|1, 20|1, 23|1, 59|1
scatter:1|1, 8|1, 11|1, 27|1, 55|1
scheme:39|3
scholar:4|2, 18|2, 21|2, 28|2, 56|2
school:1|2, 8|2, 11|2, 27|2, 32|1, 33|1, 35|1, 47|1, 52|1, 55|2
scienc:4|1, 5|1, 17|1, 18|1, 20|1, 21|1, 23|1, 26|2, 28|1, 30|2, 31|2, 51|2, 54|2, 56|1, 59|1
scientif:1|1, 8|1, 11|1, 27|1, 55|1
se:6|1, 9|1, 10|1, 12|1, 13|1, 14|1, 15|1, 16|1, 19|1, 22|1, 25|1, 29|1, 43|1, 60|1, 61|1, 62|1
section:2|1, 3|1, 5|1, 17|1, 20|1, 23|1, 24|1, 26|1, 30|1, 31|1, 32|1, 33|1, 35|1, 42|1, 44|1, 45|1, 47|1, 48|1, 49|1, 50|1, 51|1, 52|1, 54|1, 57|1, 59|1
security-constrain:36|1
see:36|1
seen:39|1
select:4|3, 18|3, 21|3, 28|3, 56|3
sen:1|1, 8|1, 11|1, 27|1, 55|1
senior:1|1, 8|1, 11|1, 27|1, 55|1
sens:4|1, 18|1, 21|1, 28|1, 56|1
sensori:41|1
sep:6|1, 9|1, 10|1, 12|1, 13|1, 14|1, 15|1, 16|1, 19|1, 22|1, 25|1, 29|1, 38|1, 43|1, 60|1, 61|1, 62|1
septemb:38|1
serv:4|1, 18|1, 21|1, 28|1, 56|1
servic:1|5, 2|6, 3|6, 4|5, 5|6, 6|6, 7|5, 8|5, 9|6, 10|6, 11|5, 12|6, 13|6, 14|6, 15|6, 16|6, 17|6, 18|5, 19|6, 20|6, 21|5, 22|6, 23|6, 24|5, 25|6, 26|5, 27|5, 28|5, 29|6, 30|5, 31|5, 32|5, 33|5, 34|5, 35|5, 36|5, 37|5, 38|5, 39|5, 40|5, 41|5, 42|5, 43|6, 44|6, 45|5, 46|5, 47|5, 48|6, 49|5, 50|5, 51|5, 52|5, 53|5, 54|5, 55|5, 56|5, 57|6, 58|5, 59|6, 60|6, 61|6, 62|6
session:4|1, 18|1, 21|1, 28|1, 56|1
sever:4|2, 18|2, 21|2, 28|2, 56|2
shaheen:6|1, 9|1, 10|1, 12|1, 13|1, 14|1, 15|1, 16|1, 19|1, 22|1, 25|1, 29|1, 41|3, 43|1, 60|1, 61|1, 62|1
shih:4|1, 18|1, 21|1, 28|1, 56|1
short:6|1, 9|1, 10|1, 12|1, 13|1, 14|1, 15|1, 16|1, 19|1, 22|1, 25|1, 29|1, 43|1, 60|1, 61|1, 62|1
short-:39|1
short-term:39|1
side:39|1
sign:1|1, 2|1, 3|1, 4|1, 5|1, 6|1, 7|1, 8|1, 9|1, 10|1, 11|1, 12|1, 13|1, 14|1, 15|1, 16|1, 17|1, 18|1, 19|1, 20|1, 21|1, 22|1, 23|1, 24|1, 25|1, 26|1, 27|1, 28|1, 29|1, 30|1, 31|1, 32|1, 33|1, 34|1, 35|1, 36|1, 37|1, 38|1, 39|1, 40|1, 41|1, 42|1, 43|1, 44|1, 45|1, 46|1, 47|1, 48|1, 49|1, 50|1, 51|1, 52|1, 53|1, 54|1, 55|1, 56|1, 57|1, 58|1, 59|1, 60|1, 61|1, 62|1
signal:4|1, 18|1, 21|1, 24|2, 28|1, 41|4, 42|2, 45|2, 49|2, 50|2, 56|1
signal-to-noise-and-distortion-ratio:41|1
significantli:4|1, 18|1, 21|1, 28|1, 56|1
silicon-photon:6|1, 9|1, 10|1, 12|1, 13|1, 14|1, 15|1, 16|1, 19|1, 22|1, 25|1, 29|1, 43|1, 60|1, 61|1, 62|1
silk:4|2, 18|2, 21|2, 28|2, 56|2
simul:39|1, 41|2
simulink:41|1
site:1|1, 2|1, 3|1, 4|1, 5|1, 6|2, 7|1, 8|1, 9|2, 10|2, 11|1, 12|2, 13|2, 14|2, 15|2, 16|2, 17|1, 18|1, 19|2, 20|1, 21|1, 22|2, 23|1, 24|1, 25|2, 26|1, 27|1, 28|1, 29|2, 30|1, 31|1, 32|1, 33|1, 34|1, 35|1, 36|2, 37|2, 38|2, 39|3, 40|2, 41|2, 42|1, 43|2, 44|1, 45|1, 46|1, 47|1, 48|1, 49|1, 50|1, 51|1, 52|1, 53|1, 54|1, 55|1, 56|1, 57|1, 58|1, 59|1, 60|2, 61|2, 62|2
situé:6|1, 9|1, 10|1, 12|1, 13|1, 14|1, 15|1, 16|1, 19|1, 22|1, 25|1, 29|1, 43|1, 60|1, 61|1, 62|1
size:39|2
skill:1|2, 8|2, 11|2, 27|2, 55|2
sky':1|1, 8|1, 11|1, 27|1, 55|1
smart:1|1, 4|1, 8|1, 11|1, 18|1, 21|1, 27|1, 28|1, 55|1, 56|1
sndr:41|1
societi:2|2, 3|2, 4|2, 5|2, 17|2, 18|2, 20|2, 21|2, 23|2, 28|2, 36|1, 44|2, 48|2, 56|2, 57|2, 59|2
softwar:1|1, 5|10, 6|5, 8|1, 9|5, 10|5, 11|1, 12|5, 13|5, 14|5, 15|5, 16|5, 17|10, 19|5, 20|10, 22|5, 23|10, 24|2, 25|5, 26|1, 27|1, 29|5, 30|1, 31|1, 37|3, 42|2, 43|5, 45|2, 49|2, 50|2, 51|1, 54|1, 55|1, 59|10, 60|5, 61|5, 62|5
solar:1|1, 8|1, 11|1, 27|1, 55|1
solid:1|1, 4|1, 8|1, 11|1, 18|1, 21|1, 27|1, 28|1, 55|1, 56|1
solid-st:4|3, 18|3, 21|3, 28|3, 56|3
solut:4|2, 6|1, 9|1, 10|1, 12|1, 13|1, 14|1, 15|1, 16|1, 18|2, 19|1, 21|2, 22|1, 25|1, 28|2, 29|1, 39|5, 43|1, 56|2, 60|1, 61|1, 62|1
solv:1|1, 8|1, 11|1, 27|1, 32|1, 33|1, 35|1, 47|1, 52|1, 55|1
sont:6|1, 9|1, 10|1, 12|1, 13|1, 14|1, 15|1, 16|1, 19|1, 22|1, 25|1, 29|1, 43|1, 60|1, 61|1, 62|1
sophist:2|1, 3|1, 44|1, 48|1, 57|1
sound:1|1, 8|1, 11|1, 27|1, 55|1
sourc:36|1, 37|1, 38|1, 39|1, 40|1, 41|1
soutien:6|1, 9|1, 10|1, 12|1, 13|1, 14|1, 15|1, 16|1, 19|1, 22|1, 25|1, 29|1, 43|1, 60|1, 61|1, 62|1
space:1|1, 8|1, 11|1, 27|1, 55|1
spacecraft:5|1, 17|1, 20|1, 23|1, 59|1
span:4|1, 18|1, 21|1, 28|1, 56|1
special:4|1, 18|1, 21|1, 28|1, 56|1
specif:5|1, 17|1, 20|1, 23|1, 39|1, 41|1, 59|1
spectrum:4|1, 18|1, 21|1, 28|1, 56|1
speed:6|1, 9|1, 10|1, 12|1, 13|1, 14|1, 15|1, 16|1, 19|1, 22|1, 25|1, 29|1, 39|1, 41|1, 43|1, 60|1, 61|1, 62|1
spend:1|1, 8|1, 11|1, 27|1, 55|1
spin-off:4|1, 18|1, 21|1, 28|1, 56|1
staff:1|4, 2|4, 3|4, 4|4, 5|5, 6|6, 7|5, 8|4, 9|6, 10|6, 11|4, 12|6, 13|6, 14|6, 15|6, 16|6, 17|5, 18|4, 19|6, 20|5, 21|4, 22|6, 23|5, 24|4, 25|6, 26|4, 27|4, 28|4, 29|6, 30|4, 31|4, 32|4, 33|4, 34|5, 35|4, 36|5, 37|5, 38|5, 39|5, 40|4, 41|5, 42|4, 43|6, 44|4, 45|4, 46|5, 47|4, 48|4, 49|4, 50|4, 51|4, 52|4, 53|5, 54|4, 55|4, 56|4, 57|4, 58|5, 59|5, 60|6, 61|6, 62|6
stage:4|1, 18|1, 21|1, 28|1, 56|1
stand:6|1, 9|1, 10|1, 12|1, 13|1, 14|1, 15|1, 16|1, 19|1, 22|1, 25|1, 29|1, 43|1, 60|1, 61|1, 62|1
standard:39|1
stanford:1|1, 8|1, 11|1, 27|1, 55|1
state:4|1, 6|1, 9|1, 10|1, 12|1, 13|1, 14|1, 15|1, 16|1, 18|1, 19|1, 21|1, 22|1, 25|1, 28|1, 29|1, 32|1, 33|1, 35|1, 43|1, 47|1, 52|1, 56|1, 60|1, 61|1, 62|1
statement:5|1, 17|1, 20|1, 23|1, 59|1
statutori:7|1, 34|1, 46|1, 53|1, 58|1
steady-st:39|1
stimul:6|2, 9|2, 10|2, 12|2, 13|2, 14|2, 15|2, 16|2, 19|2, 22|2, 25|2, 29|2, 43|2, 60|2, 61|2, 62|2
stimulant:6|2, 9|2, 10|2, 12|2, 13|2, 14|2, 15|2, 16|2, 19|2, 22|2, 25|2, 29|2, 43|2, 60|2, 61|2, 62|2
storag:39|3
storethey:5|1, 17|1, 20|1, 23|1, 59|1
strateg:4|1, 18|1, 21|1, 28|1, 56|1
strategi:1|1, 4|2, 8|1, 11|1, 18|2, 21|2, 27|1, 28|2, 55|1, 56|2
stratégiqu:4|1, 18|1, 21|1, 28|1, 56|1
street:1|1, 2|1, 3|1, 4|1, 5|1, 6|1, 7|4, 8|1, 9|1, 10|1, 11|1, 12|1, 13|1, 14|1, 15|1, 16|1, 17|1, 18|1, 19|1, 20|1, 21|1, 22|1, 23|1, 24|1, 25|1, 26|1, 27|1, 28|1, 29|1, 30|1, 31|1, 32|1, 33|1, 34|4, 35|1, 36|1, 37|1, 38|1, 39|1, 40|1, 41|1, 42|1, 43|1, 44|1, 45|1, 46|4, 47|1, 48|1, 49|1, 50|1, 51|1, 52|1, 53|4, 54|1, 55|1, 56|1, 57|1, 58|4, 59|1, 60|1, 61|1, 62|1
stringent:41|1
strong:1|1, 8|1, 11|1, 26|1, 27|1, 30|1, 31|1, 51|1, 54|1, 55|1
structur:4|2, 18|2, 21|2, 28|2, 56|2
student:1|15, 2|13, 3|13, 4|7, 5|6, 6|18, 7|7, 8|15, 9|18, 10|18, 11|15, 12|18, 13|18, 14|18, 15|18, 16|18, 17|6, 18|7, 19|18, 20|6, 21|7, 22|18, 23|6, 24|6, 25|18, 26|7, 27|15, 28|7, 29|18, 30|7, 31|7, 32|7, 33|7, 34|7, 35|7, 36|9, 37|7, 38|10, 39|7, 40|8, 41|7, 42|6, 43|18, 44|13, 45|6, 46|7, 47|7, 48|13, 49|6, 50|6, 51|7, 52|7, 53|7, 54|7, 55|15, 56|7, 57|13, 58|7, 59|6, 60|18, 61|18, 62|18
studi:1|1, 4|1, 6|2, 7|2, 8|1, 9|2, 10|2, 11|1, 12|2, 13|2, 14|2, 15|2, 16|2, 18|1, 19|2, 21|1, 22|2, 25|2, 26|1, 27|1, 28|1, 29|2, 30|1, 31|1, 34|2, 39|1, 43|2, 46|2, 51|1, 53|2, 54|1, 55|1, 56|1, 58|2, 60|2, 61|2, 62|2
sub-committe:4|1, 18|1, 21|1, 28|1, 56|1
subbanna:6|1, 9|1, 10|1, 12|1, 13|1, 14|1, 15|1, 16|1, 19|1, 22|1, 25|1, 29|1, 43|1, 60|1, 61|1, 62|1
substrat:4|1, 18|1, 21|1, 28|1, 56|1
subthreshold:41|1
supervis:1|1, 5|2, 8|1, 11|1, 17|2, 20|2, 23|2, 27|1, 38|1, 39|1, 41|2, 55|1, 59|2
suppli:41|1
support:6|2, 9|2, 10|2, 12|2, 13|2, 14|2, 15|2, 16|2, 19|2, 22|2, 25|2, 29|2, 43|2, 60|2, 61|2, 62|2
suppress:39|1
supérieur:6|2, 9|2, 10|2, 12|2, 13|2, 14|2, 15|2, 16|2, 19|2, 22|2, 25|2, 29|2, 43|2, 60|2, 61|2, 62|2
sur:4|1, 6|1, 9|1, 10|1, 12|1, 13|1, 14|1, 15|1, 16|1, 18|1, 19|1, 21|1, 22|1, 25|1, 28|1, 29|1, 43|1, 56|1, 60|1, 61|1, 62|1
synergi:4|1, 18|1, 21|1, 28|1, 56|1
system:4|7, 5|2, 6|1, 9|1, 10|1, 12|1, 13|1, 14|1, 15|1, 16|1, 17|2, 18|7, 19|1, 20|2, 21|7, 22|1, 23|2, 24|8, 25|1, 28|7, 29|1, 36|3, 37|3, 39|4, 41|2, 42|8, 43|1, 45|8, 49|8, 50|8, 56|7, 59|2, 60|1, 61|1, 62|1
t:6|1, 9|1, 10|1, 12|1, 13|1, 14|1, 15|1, 16|1, 19|1, 22|1, 25|1, 29|1, 43|1, 60|1, 61|1, 62|1
tackl:1|1, 8|1, 11|1, 27|1, 55|1
tag:4|1, 5|1, 17|1, 18|1, 20|1, 21|1, 23|1, 28|1, 36|1, 37|1, 38|1, 39|1, 40|1, 41|1, 56|1, 59|1
tailor:39|1
take:1|5, 8|5, 11|5, 27|5, 55|5
taken:4|1, 18|1, 21|1, 28|1, 56|1
tal:6|1, 9|1, 10|1, 12|1, 13|1, 14|1, 15|1, 16|1, 19|1, 22|1, 25|1, 29|1, 43|1, 60|1, 61|1, 62|1
talent:32|1, 33|1, 35|1, 47|1, 52|1
talk:4|1, 18|1, 21|1, 28|1, 56|1
tant:6|1, 9|1, 10|1, 12|1, 13|1, 14|1, 15|1, 16|1, 19|1, 22|1, 25|1, 29|1, 43|1, 60|1, 61|1, 62|1
target:6|1, 9|1, 10|1, 12|1, 13|1, 14|1, 15|1, 16|1, 19|1, 22|1, 25|1, 29|1, 41|3, 43|1, 60|1, 61|1, 62|1
teach:1|3, 2|1, 3|1, 4|2, 5|1, 6|3, 7|1, 8|3, 9|3, 10|3, 11|3, 12|3, 13|3, 14|3, 15|3, 16|3, 17|1, 18|2, 19|3, 20|1, 21|2, 22|3, 23|1, 24|1, 25|3, 26|1, 27|3, 28|2, 29|3, 30|1, 31|1, 32|2, 33|2, 34|1, 35|2, 36|1, 37|1, 38|1, 39|1, 40|1, 41|1, 42|1, 43|3, 44|1, 45|1, 46|1, 47|2, 48|1, 49|1, 50|1, 51|1, 52|2, 53|1, 54|1, 55|3, 56|2, 57|1, 58|1, 59|1, 60|3, 61|3, 62|3
team:1|1, 4|3, 6|1, 8|1, 9|1, 10|1, 11|1, 12|1, 13|1, 14|1, 15|1, 16|1, 18|3, 19|1, 21|3, 22|1, 25|1, 27|1, 28|3, 29|1, 43|1, 55|1, 56|3, 60|1, 61|1, 62|1
technic:1|2, 4|2, 8|2, 11|2, 18|2, 21|2, 27|2, 28|2, 36|1, 55|2, 56|2
techniqu:5|1, 17|1, 20|1, 23|1, 41|3, 59|1
technolog:1|1, 4|11, 5|2, 8|1, 11|1, 17|2, 18|11, 20|2, 21|11, 23|2, 27|1, 28|11, 41|1, 55|1, 56|11, 59|2
tel:1|1, 2|1, 3|1, 4|1, 5|1, 6|1, 7|4, 8|1, 9|1, 10|1, 11|1, 12|1, 13|1, 14|1, 15|1, 16|1, 17|1, 18|1, 19|1, 20|1, 21|1, 22|1, 23|1, 24|1, 25|1, 26|1, 27|1, 28|1, 29|1, 30|1, 31|1, 32|1, 33|1, 34|4, 35|1, 36|1, 37|1, 38|1, 39|1, 40|1, 41|1, 42|1, 43|1, 44|1, 45|1, 46|4, 47|1, 48|1, 49|1, 50|1, 51|1, 52|1, 53|4, 54|1, 55|1, 56|1, 57|1, 58|4, 59|1, 60|1, 61|1, 62|1
telecom:1|1, 8|1, 11|1, 27|1, 55|1
telecommun:24|2, 42|2, 45|2, 49|2, 50|2
telu:1|1, 8|1, 11|1, 27|1, 55|1
tenure-track:37|1
term:4|1, 18|1, 21|1, 28|1, 56|1
test:5|4, 6|2, 9|2, 10|2, 12|2, 13|2, 14|2, 15|2, 16|2, 17|4, 19|2, 20|4, 22|2, 23|4, 25|2, 29|2, 43|2, 59|4, 60|2, 61|2, 62|2
testimoni:1|1, 8|1, 11|1, 27|1, 55|1
texa:32|1, 33|1, 35|1, 47|1, 52|1
textbook:4|1, 18|1, 21|1, 28|1, 56|1
thesi:39|2, 41|2
think:1|2, 8|2, 11|2, 27|2, 55|2
thinner:4|1, 18|1, 21|1, 28|1, 56|1
third:32|1, 33|1, 35|1, 47|1, 52|1
thirti:4|1, 18|1, 21|1, 28|1, 56|1
three:1|1, 4|2, 8|1, 11|1, 18|2, 21|2, 27|1, 28|2, 55|1, 56|2
throughout:4|1, 18|1, 21|1, 28|1, 56|1
ticket:5|1, 17|1, 20|1, 23|1, 59|1
tier:1|1, 8|1, 11|1, 27|1, 55|1
time:1|1, 6|2, 8|1, 9|2, 10|2, 11|1, 12|2, 13|2, 14|2, 15|2, 16|2, 19|2, 22|2, 25|2, 27|1, 29|2, 43|2, 55|1, 60|2, 61|2, 62|2
titl:4|1, 18|1, 21|1, 28|1, 56|1
took:1|1, 8|1, 11|1, 27|1, 55|1
top:1|2, 2|1, 3|1, 4|3, 5|1, 6|1, 7|1, 8|2, 9|1, 10|1, 11|2, 12|1, 13|1, 14|1, 15|1, 16|1, 17|1, 18|3, 19|1, 20|1, 21|3, 22|1, 23|1, 24|1, 25|1, 26|1, 27|2, 28|3, 29|1, 30|1, 31|1, 32|2, 33|2, 34|1, 35|2, 36|1, 37|1, 38|1, 39|1, 40|1, 41|1, 42|1, 43|1, 44|1, 45|1, 46|1, 47|2, 48|1, 49|1, 50|1, 51|1, 52|2, 53|1, 54|1, 55|2, 56|3, 57|1, 58|1, 59|1, 60|1, 61|1, 62|1
topic:4|1, 18|1, 21|1, 28|1, 56|1
toronto:1|1, 8|1, 11|1, 27|1, 55|1
total:41|1
tou:6|1, 9|1, 10|1, 12|1, 13|1, 14|1, 15|1, 16|1, 19|1, 22|1, 25|1, 29|1, 43|1, 60|1, 61|1, 62|1
tour:4|2, 18|2, 21|2, 28|2, 56|2
tpwrs20132271980:36|1
track:4|1, 18|1, 21|1, 28|1, 56|1
tradeoff:41|1
tradit:1|1, 8|1, 11|1, 27|1, 55|1
train:1|1, 5|1, 8|1, 11|1, 17|1, 20|1, 23|1, 27|1, 55|1, 59|1
transact:4|1, 18|1, 21|1, 28|1, 36|1, 56|1
transmiss:6|2, 9|2, 10|2, 12|2, 13|2, 14|2, 15|2, 16|2, 19|2, 22|2, 25|2, 29|2, 39|1, 43|2, 60|2, 61|2, 62|2
treat:39|1
trend:41|1
tri:1|1, 8|1, 11|1, 27|1, 55|1
trottier:4|2, 7|2, 18|2, 21|2, 28|2, 34|2, 46|2, 53|2, 56|2, 58|2
tuition:1|1, 2|1, 3|1, 4|1, 5|1, 6|1, 7|1, 8|1, 9|1, 10|1, 11|1, 12|1, 13|1, 14|1, 15|1, 16|1, 17|1, 18|1, 19|1, 20|1, 21|1, 22|1, 23|1, 24|1, 25|1, 26|1, 27|1, 28|1, 29|1, 30|1, 31|1, 32|1, 33|1, 34|1, 35|1, 36|1, 37|1, 38|1, 39|1, 40|1, 41|1, 42|1, 43|1, 44|1, 45|1, 46|1, 47|1, 48|1, 49|1, 50|1, 51|1, 52|1, 53|1, 54|1, 55|1, 56|1, 57|1, 58|1, 59|1, 60|1, 61|1, 62|1
turbul:39|1
two:1|1, 4|1, 8|1, 11|1, 18|1, 21|1, 27|1, 28|1, 32|1, 33|1, 35|1, 47|1, 52|1, 55|1, 56|1
tyan:1|1, 8|1, 11|1, 27|1, 55|1
ultim:4|1, 18|1, 21|1, 28|1, 56|1
umbrella:36|1
un:6|3, 9|3, 10|3, 12|3, 13|3, 14|3, 15|3, 16|3, 19|3, 22|3, 25|3, 29|3, 43|3, 60|3, 61|3, 62|3
undergrad:7|1, 34|1, 46|1, 53|1, 58|1
undergradu:1|2, 4|1, 6|2, 7|3, 8|2, 9|2, 10|2, 11|2, 12|2, 13|2, 14|2, 15|2, 16|2, 18|1, 19|2, 21|1, 22|2, 25|2, 26|2, 27|2, 28|1, 29|2, 30|2, 31|2, 32|1, 33|1, 34|3, 35|1, 43|2, 46|3, 47|1, 51|2, 52|1, 53|3, 54|2, 55|2, 56|1, 58|3, 60|2, 61|2, 62|2
une:6|1, 9|1, 10|1, 12|1, 13|1, 14|1, 15|1, 16|1, 19|1, 22|1, 25|1, 29|1, 43|1, 60|1, 61|1, 62|1
unifi:4|1, 18|1, 21|1, 28|1, 56|1
uniqu:1|1, 8|1, 11|1, 27|1, 55|1
unit:1|1, 8|1, 11|1, 27|1, 55|1
univers:1|7, 2|5, 3|5, 4|11, 5|5, 6|6, 7|9, 8|7, 9|6, 10|6, 11|7, 12|6, 13|6, 14|6, 15|6, 16|6, 17|5, 18|11, 19|6, 20|5, 21|11, 22|6, 23|5, 24|5, 25|6, 26|5, 27|7, 28|11, 29|6, 30|5, 31|5, 32|7, 33|7, 34|9, 35|7, 36|5, 37|6, 38|5, 39|7, 40|5, 41|9, 42|5, 43|6, 44|5, 45|5, 46|9, 47|7, 48|5, 49|5, 50|5, 51|5, 52|7, 53|9, 54|5, 55|7, 56|11, 57|5, 58|9, 59|5, 60|6, 61|6, 62|6
université:6|1, 9|1, 10|1, 12|1, 13|1, 14|1, 15|1, 16|1, 19|1, 22|1, 25|1, 29|1, 43|1, 60|1, 61|1, 62|1
updat:36|1, 37|1, 38|1, 39|1, 40|1, 41|1
upon:39|1
ur:6|1, 9|1, 10|1, 12|1, 13|1, 14|1, 15|1, 16|1, 19|1, 22|1, 25|1, 29|1, 43|1, 60|1, 61|1, 62|1
us:1|2, 2|2, 3|2, 4|4, 5|2, 6|3, 7|4, 8|2, 9|3, 10|3, 11|2, 12|3, 13|3, 14|3, 15|3, 16|3, 17|2, 18|4, 19|3, 20|2, 21|4, 22|3, 23|2, 24|2, 25|3, 26|2, 27|2, 28|4, 29|3, 30|2, 31|2, 32|2, 33|2, 34|4, 35|2, 36|2, 37|2, 38|2, 39|2, 40|2, 41|2, 42|2, 43|3, 44|2, 45|2, 46|4, 47|2, 48|2, 49|2, 50|2, 51|2, 52|2, 53|4, 54|2, 55|2, 56|4, 57|2, 58|4, 59|2, 60|3, 61|3, 62|3
use:4|4, 6|1, 9|1, 10|1, 12|1, 13|1, 14|1, 15|1, 16|1, 18|4, 19|1, 21|4, 22|1, 25|1, 28|4, 29|1, 39|1, 43|1, 56|4, 60|1, 61|1, 62|1
util:39|1, 41|1
v:41|1
valid:41|2
valuabl:1|1, 8|1, 11|1, 27|1, 55|1
vancouv:1|1, 8|1, 11|1, 27|1, 55|1
varieti:2|1, 3|1, 5|1, 17|1, 20|1, 23|1, 26|1, 30|1, 31|1, 44|1, 48|1, 51|1, 54|1, 57|1, 59|1
variou:41|2
vassileva:4|1, 18|1, 21|1, 28|1, 56|1
vehicl:4|1, 18|1, 21|1, 28|1, 56|1
ventur:4|2, 18|2, 21|2, 28|2, 56|2
verif:39|1
versatil:1|1, 8|1, 11|1, 27|1, 55|1
vice:4|1, 18|1, 21|1, 28|1, 56|1
vice-princip:4|3, 18|3, 21|3, 28|3, 56|3
video:5|1, 17|1, 20|1, 23|1, 59|1
vie:6|1, 9|1, 10|1, 12|1, 13|1, 14|1, 15|1, 16|1, 19|1, 22|1, 25|1, 29|1, 43|1, 60|1, 61|1, 62|1
vincent:4|3, 18|3, 21|3, 28|3, 56|3
virtual:1|2, 8|2, 11|2, 27|2, 55|2
visit:2|1, 3|1, 4|1, 18|1, 21|1, 28|1, 44|1, 48|1, 56|1, 57|1
visitor:4|2, 18|2, 21|2, 28|2, 56|2
vist:2|1, 3|1, 44|1, 48|1, 57|1
vital:4|1, 18|1, 21|1, 28|1, 56|1
vivid:4|1, 18|1, 21|1, 28|1, 56|1
vo:6|1, 9|1, 10|1, 12|1, 13|1, 14|1, 15|1, 16|1, 19|1, 22|1, 25|1, 29|1, 43|1, 60|1, 61|1, 62|1
voltag:39|6, 41|1
vou:6|3, 9|3, 10|3, 12|3, 13|3, 14|3, 15|3, 16|3, 19|3, 22|3, 25|3, 29|3, 43|3, 60|3, 61|3, 62|3
vpp:41|1
vu:6|1, 9|1, 10|1, 12|1, 13|1, 14|1, 15|1, 16|1, 19|1, 22|1, 25|1, 29|1, 43|1, 60|1, 61|1, 62|1
walkabout:4|1, 18|1, 21|1, 28|1, 56|1
want:1|1, 8|1, 11|1, 27|1, 55|1
washington:36|1
way:1|1, 4|1, 8|1, 11|1, 18|1, 21|1, 27|1, 28|1, 55|1, 56|1
wealth:6|1, 9|1, 10|1, 12|1, 13|1, 14|1, 15|1, 16|1, 19|1, 22|1, 25|1, 29|1, 43|1, 60|1, 61|1, 62|1
web:6|1, 9|1, 10|1, 12|1, 13|1, 14|1, 15|1, 16|1, 19|1, 22|1, 25|1, 29|1, 43|1, 60|1, 61|1, 62|1
websit:2|3, 3|3, 6|1, 9|1, 10|1, 12|1, 13|1, 14|1, 15|1, 16|1, 19|1, 22|1, 25|1, 29|1, 43|1, 44|3, 48|3, 57|3, 60|1, 61|1, 62|1
week:7|1, 34|1, 46|1, 53|1, 58|1
weekend:1|1, 8|1, 11|1, 27|1, 55|1
welcom:1|2, 2|1, 3|1, 4|1, 5|1, 6|2, 7|1, 8|2, 9|2, 10|2, 11|2, 12|2, 13|2, 14|2, 15|2, 16|2, 17|1, 18|1, 19|2, 20|1, 21|1, 22|2, 23|1, 24|1, 25|2, 26|1, 27|2, 28|1, 29|2, 30|1, 31|1, 32|1, 33|1, 34|1, 35|1, 36|1, 37|1, 38|1, 39|1, 40|1, 41|1, 42|1, 43|2, 44|1, 45|1, 46|1, 47|1, 48|1, 49|1, 50|1, 51|1, 52|1, 53|1, 54|1, 55|2, 56|1, 57|1, 58|1, 59|1, 60|2, 61|2, 62|2
well:4|1, 18|1, 21|1, 28|1, 39|1, 56|1
wg:39|2
whenev:6|1, 9|1, 10|1, 12|1, 13|1, 14|1, 15|1, 16|1, 19|1, 22|1, 25|1, 29|1, 43|1, 60|1, 61|1, 62|1
whether:5|1, 17|1, 20|1, 23|1, 59|1
whole:2|1, 3|1, 44|1, 48|1, 57|1
wide:4|2, 6|1, 9|1, 10|1, 12|1, 13|1, 14|1, 15|1, 16|1, 18|2, 19|1, 21|2, 22|1, 25|1, 28|2, 29|1, 43|1, 56|2, 60|1, 61|1, 62|1
will:1|1, 2|1, 3|1, 4|2, 6|2, 8|1, 9|2, 10|2, 11|1, 12|2, 13|2, 14|2, 15|2, 16|2, 18|2, 19|2, 21|2, 22|2, 25|2, 27|1, 28|2, 29|2, 43|2, 44|1, 48|1, 55|1, 56|2, 57|1, 60|2, 61|2, 62|2
william:4|2, 18|2, 21|2, 28|2, 56|2
win:6|1, 9|1, 10|1, 12|1, 13|1, 14|1, 15|1, 16|1, 19|1, 22|1, 25|1, 29|1, 36|1, 43|1, 60|1, 61|1, 62|1
wind:6|1, 9|1, 10|1, 12|1, 13|1, 14|1, 15|1, 16|1, 19|1, 22|1, 25|1, 29|1, 39|12, 43|1, 60|1, 61|1, 62|1
winner:4|1, 18|1, 21|1, 28|1, 56|1
winter:4|1, 18|1, 21|1, 28|1, 56|1
wireless:4|2, 6|1, 9|1, 10|1, 12|1, 13|1, 14|1, 15|1, 16|1, 18|2, 19|1, 21|2, 22|1, 25|1, 28|2, 29|1, 43|1, 56|2, 60|1, 61|1, 62|1
within:32|1, 33|1, 35|1, 41|1, 47|1, 52|1
without:5|1, 6|1, 9|1, 10|1, 12|1, 13|1, 14|1, 15|1, 16|1, 17|1, 19|1, 20|1, 22|1, 23|1, 25|1, 29|1, 43|1, 59|1, 60|1, 61|1, 62|1
won:4|1, 6|1, 9|1, 10|1, 12|1, 13|1, 14|1, 15|1, 16|1, 18|1, 19|1, 21|1, 22|1, 25|1, 28|1, 29|1, 43|1, 56|1, 60|1, 61|1, 62|1
work:1|2, 4|1, 6|1, 8|2, 9|1, 10|1, 11|2, 12|1, 13|1, 14|1, 15|1, 16|1, 18|1, 19|1, 21|1, 22|1, 25|1, 27|2, 28|1, 29|1, 38|1, 39|4, 41|2, 43|1, 55|2, 56|1, 60|1, 61|1, 62|1
world:1|1, 5|3, 8|1, 11|1, 17|3, 20|3, 23|3, 27|1, 32|1, 33|1, 35|1, 47|1, 52|1, 55|1, 59|3
world':4|1, 18|1, 21|1, 28|1, 56|1
x:39|1
yale:32|1, 33|1, 35|1, 47|1, 52|1
year:1|4, 4|3, 8|4, 11|4, 18|3, 21|3, 27|4, 28|3, 32|2, 33|2, 35|2, 47|2, 52|2, 55|4, 56|3
yield:4|1, 18|1, 21|1, 28|1, 56|1
yvon:41|1
zetian:6|1, 9|1, 10|1, 12|1, 13|1, 14|1, 15|1, 16|1, 19|1, 22|1, 25|1, 29|1, 38|1, 43|1, 60|1, 61|1, 62|1
électriqu:6|2, 9|2, 10|2, 12|2, 13|2, 14|2, 15|2, 16|2, 19|2, 22|2, 25|2, 29|2, 43|2, 60|2, 61|2, 62|2
équip:6|1, 9|1, 10|1, 12|1, 13|1, 14|1, 15|1, 16|1, 19|1, 22|1, 25|1, 29|1, 43|1, 60|1, 61|1, 62|1
étude:6|1, 9|1, 10|1, 12|1, 13|1, 14|1, 15|1, 16|1, 19|1, 22|1, 25|1, 29|1, 43|1, 60|1, 61|1, 62|1
étudiant:6|4, 9|4, 10|4, 12|4, 13|4, 14|4, 15|4, 16|4, 19|4, 22|4, 25|4, 29|4, 43|4, 60|4, 61|4, 62|4
